Incorrect key: [1 1 0 0 2 2 1 1 1 0 0 1 1 0 1 2 0 0 0 1 2 1 0 1 0 1 0 0 1 1 1 1 1 1 2 1 1
 1 1 2 1 2 1 1 1 2 1 0 0 0 1 1 1 1 0 1 1 0 1 0 0 1 0 1 2 0 1 2 0 0 0 1 0 2
 0 0 2 2 0 0 1 1 0 1 2 0 0 1 0 0 0 0 1 0 0 0 1 2 0 0 2 2 1 1 0 1 1 0 2 2 1
 1 2 1 0 1 0 0 1 1 1 1 2 1 0 0 1 0 0 1 0 1 2 0 0 0 1 0 1 0 2 1 1 1 1 1 0 0
 1 1 0 0 0 0 1 0 1 0 1 0 2 0 0 1 1 2 2 2 1 2 1 0 0 1 1 1 0 1 1 2 0 0 0 1 0
 1 1 1 1 0 0 0 0 0 2 1 0 1 1 1 0 1 0 1 0 0 1 1 1 1 0 1 1 1 0 1 1 0 0 0 1 2
 0 2 0 0 1 0 0 0 1 0 0 1 2 0 0 2 0 1 2 0 2 0 1 0 0 0 1 2 2 0 1 0 1 0 0 0 0
 2 0 0 1 1 0 1 1 2 1 0 0 0 2 1 1 0 1 1 0 0 1 1 1 0 2 2 0 1 2 0 1] 
.Accuracy: 0.5953713020728517.
--------------------------
Incorrect key: [2 2 1 0 0 1 0 0 1 2 0 0 1 0 0 0 1 1 0 1 1 1 1 0 0 0 1 2 2 0 0 0 2 0 0 2 0
 1 1 0 1 0 0 1 2 1 1 1 1 0 0 1 0 0 0 0 0 1 0 0 0 1 0 0 2 2 0 0 0 0 0 0 1 0
 0 1 0 1 1 2 0 1 0 1 1 1 1 1 0 0 0 0 1 1 1 1 1 0 1 0 1 1 1 0 2 1 0 0 2 2 0
 2 1 1 0 1 1 1 1 1 1 1 0 1 1 1 1 1 2 0 1 1 0 1 1 1 0 0 0 0 0 0 1 1 0 0 0 0
 2 2 0 2 1 1 1 1 1 1 1 0 1 2 0 1 0 1 2 1 1 2 0 1 0 0 2 1 1 1 2 2 2 1 1 0 0
 1 0 0 1 1 0 1 0 0 1 2 1 0 2 1 0 1 2 0 2 0 0 2 1 1 2 1 0 1 0 2 0 1 0 1 1 1
 0 1 0 2 1 0 1 2 1 0 1 0 0 0 0 1 0 1 1 1 2 0 1 0 0 1 1 0 1 1 2 2 0 2 1 0 0
 0 1 1 0 1 0 1 0 1 0 2 1 2 0 2 0 1 1 0 0 1 1 1 1 0 0 2 0 0 2 0 0] 
.Accuracy: 0.7659690078486617.
--------------------------
Incorrect key: [0 0 2 1 2 1 2 0 2 0 0 0 0 1 0 1 0 2 2 1 1 0 0 0 1 1 0 0 1 1 2 0 0 0 0 0 1
 0 1 0 1 1 1 0 1 1 2 2 0 0 0 0 0 1 1 0 1 0 2 1 1 0 0 0 2 2 1 0 0 2 1 0 0 2
 0 0 0 1 1 0 1 1 0 0 1 0 0 1 1 2 1 1 0 1 1 1 1 1 2 0 1 0 2 0 1 1 0 0 1 0 1
 1 1 2 0 2 0 0 0 0 1 2 2 0 0 0 0 2 2 2 1 1 1 0 1 1 0 1 0 0 2 0 1 1 0 1 0 1
 0 1 1 2 0 0 2 0 2 0 0 0 1 0 1 2 0 0 0 1 1 2 0 0 1 0 0 1 1 1 0 1 1 1 0 2 0
 1 1 1 1 2 0 0 0 1 1 1 1 2 0 0 1 0 1 1 0 1 1 1 1 0 1 0 2 0 1 0 1 0 1 0 1 0
 2 1 1 0 0 1 1 1 1 0 0 1 1 0 0 1 1 1 1 1 0 2 0 0 1 2 2 1 1 1 2 1 1 1 0 0 0
 0 0 2 1 1 0 1 1 2 1 2 0 0 1 1 1 0 0 1 1 1 1 1 0 0 0 1 2 0 0 1 2] 
.Accuracy: 0.6785268665727511.
--------------------------
Incorrect key: [1 1 1 0 1 1 1 0 0 1 1 0 1 2 1 0 0 0 0 0 0 1 1 0 0 2 0 0 2 1 0 1 1 1 0 2 1
 1 0 1 0 1 2 0 0 1 1 1 1 1 1 0 1 0 2 0 0 0 1 1 1 2 1 1 1 2 1 0 0 0 0 0 0 0
 2 1 2 0 0 1 1 0 1 0 0 2 1 1 2 1 1 1 0 1 0 0 1 0 1 0 0 2 0 2 0 0 1 1 1 2 2
 1 0 0 0 1 2 1 2 0 0 0 0 1 1 1 1 1 1 1 0 1 0 0 0 0 2 0 0 0 0 2 1 1 1 1 1 1
 0 1 1 2 0 0 0 1 1 2 1 1 2 1 1 2 1 2 1 0 0 0 1 0 0 0 2 1 0 0 1 1 1 0 0 2 0
 0 0 2 1 1 2 0 0 0 1 0 0 1 1 2 1 1 0 0 1 0 0 1 0 2 2 0 1 0 0 0 0 1 1 1 1 0
 0 1 2 2 1 0 2 1 2 2 1 2 1 0 0 1 1 1 0 1 1 1 2 0 1 0 0 1 1 2 1 0 0 1 1 1 1
 0 1 1 2 0 2 0 0 0 0 1 1 0 0 0 1 1 1 0 0 2 0 0 0 0 0 1 1 0 2 1 0] 
.Accuracy: 0.5951096800160999.
--------------------------
Incorrect key: [1 1 1 0 1 1 1 1 0 1 1 2 0 0 1 2 1 0 0 1 0 2 1 0 1 1 1 1 0 2 1 1 0 0 2 0 1
 1 0 0 0 2 2 0 0 0 0 1 0 1 0 0 0 0 1 1 1 1 1 0 2 0 0 1 1 0 0 1 0 2 1 1 2 1
 0 1 1 1 1 1 2 1 2 0 0 1 0 1 0 1 0 0 0 1 1 0 1 0 2 1 0 1 2 1 0 0 0 2 2 1 2
 0 2 1 0 2 2 0 1 1 0 0 0 2 0 0 1 1 0 1 1 1 0 1 1 0 1 0 1 2 0 0 2 0 0 0 0 0
 0 0 0 2 0 0 1 0 1 2 0 1 1 1 1 0 1 0 1 1 1 1 0 1 1 0 1 1 2 1 1 0 1 0 0 0 0
 0 1 0 1 2 1 0 0 1 2 1 2 0 0 2 0 1 1 1 1 0 1 0 1 1 1 0 0 2 0 1 1 0 0 2 1 1
 1 0 0 0 1 0 2 0 2 1 1 2 1 2 0 0 0 0 0 0 0 0 1 2 1 1 0 0 0 0 0 0 0 2 2 0 1
 2 0 1 0 2 0 1 1 1 1 1 1 1 1 0 1 1 1 0 0 0 2 2 2 1 1 1 1 1 1 0 0] 
.Accuracy: 0.7736969209096398.
--------------------------
Incorrect key: [0 2 0 0 1 0 1 0 1 0 2 1 0 0 0 1 1 0 1 0 0 1 1 1 1 2 1 0 0 2 0 0 1 0 0 0 2
 2 0 1 1 1 1 2 0 0 1 1 2 2 0 1 0 1 1 0 0 1 1 1 1 2 1 0 2 2 1 1 2 0 2 0 1 0
 0 0 1 1 1 1 0 0 0 1 0 2 0 0 1 1 1 1 1 1 1 0 0 2 1 1 0 1 0 2 1 1 0 0 0 0 1
 0 1 1 1 2 1 1 0 1 2 1 1 0 0 1 0 0 1 0 0 1 2 0 1 0 0 1 1 1 2 2 1 0 1 0 1 1
 0 1 0 2 0 2 1 1 1 1 1 1 0 0 0 0 1 1 0 1 2 0 1 0 1 1 0 1 2 1 0 0 1 1 0 2 0
 0 2 0 0 1 1 0 1 0 0 2 0 2 2 2 1 0 1 1 1 0 0 1 0 1 1 1 0 0 2 0 0 1 2 2 1 0
 0 0 0 0 0 1 0 0 0 0 0 1 1 0 1 2 2 0 1 1 1 0 0 0 0 1 1 1 1 1 1 1 1 1 1 2 0
 1 1 0 1 1 0 0 0 1 0 0 2 1 1 0 2 0 2 2 0 0 1 0 2 0 0 0 0 0 2 1 1] 
.Accuracy: 0.5577581002213725.
--------------------------
Incorrect key: [1 1 1 0 2 0 1 0 1 0 0 2 1 1 0 1 0 0 0 2 1 1 1 1 0 1 1 0 1 1 0 1 1 0 0 2 1
 0 1 2 0 0 0 1 1 0 0 0 0 1 1 1 0 2 1 0 1 0 1 1 0 0 0 1 0 1 0 2 2 0 1 1 1 1
 1 1 1 0 1 1 2 0 1 1 0 2 2 0 0 0 2 1 1 0 2 2 0 0 2 0 1 2 1 0 0 1 0 0 2 0 0
 0 1 2 1 1 1 1 2 1 1 2 0 2 1 1 1 1 1 0 1 1 0 1 0 1 2 0 1 2 2 2 1 1 0 2 1 0
 0 1 0 0 1 1 0 0 1 2 0 1 0 1 0 1 1 0 0 0 1 1 1 2 1 2 0 0 1 1 1 1 1 0 0 1 0
 0 1 1 0 0 0 0 2 0 0 1 0 0 1 1 0 0 1 0 0 1 1 0 1 1 2 0 0 1 1 1 1 0 0 1 2 0
 0 1 2 1 2 1 2 0 1 1 0 0 0 1 1 0 0 1 0 2 1 2 2 0 1 0 0 0 1 0 0 1 1 0 1 0 0
 0 0 0 0 2 0 2 0 0 2 2 1 0 1 1 1 1 0 1 1 0 1 0 1 2 0 0 0 0 1 0 2] 
.Accuracy: 0.5518212920104649.
--------------------------
Incorrect key: [0 1 2 1 1 0 0 1 2 0 0 1 1 0 0 0 1 0 2 1 0 1 1 1 0 0 1 1 1 0 1 0 2 1 1 1 1
 2 1 0 0 1 2 1 2 1 1 1 0 0 1 0 0 1 1 0 1 0 1 1 1 1 1 0 0 1 1 0 1 1 0 0 2 1
 1 0 1 1 1 2 2 1 0 0 2 0 0 2 1 1 2 0 0 2 0 2 1 0 2 2 1 0 0 0 2 1 0 1 0 1 2
 1 1 0 2 0 1 0 0 1 1 2 2 0 1 0 0 1 1 0 0 0 0 0 2 2 1 0 1 0 2 2 0 0 2 0 1 0
 1 1 1 0 0 0 0 2 1 1 1 0 1 0 1 1 2 0 0 1 1 2 1 0 2 1 0 0 0 1 1 1 2 0 0 0 1
 1 1 0 1 2 1 1 0 2 0 2 0 0 0 1 1 1 1 0 2 0 0 1 1 0 1 0 1 1 2 1 1 1 0 0 1 0
 0 0 1 0 1 1 1 0 2 2 1 0 1 0 1 0 0 0 1 1 0 0 0 0 2 1 0 0 1 1 0 2 1 1 0 0 0
 0 1 1 1 0 2 0 0 0 0 0 1 1 1 1 0 1 2 0 1 0 0 0 1 0 0 1 0 1 1 2 0] 
.Accuracy: 0.47846649225196214.
--------------------------
Incorrect key: [1 0 1 2 0 2 0 0 1 1 0 1 1 2 1 0 1 1 0 1 0 0 1 2 0 1 2 1 1 1 0 2 1 0 0 2 1
 0 0 0 2 1 0 2 0 0 0 0 2 2 1 0 0 1 0 0 1 0 1 1 1 0 2 0 1 1 2 1 0 1 0 0 0 1
 1 2 0 0 2 0 0 2 0 1 0 1 0 2 0 1 1 1 1 1 1 1 2 0 1 0 1 1 0 0 0 0 1 1 0 1 0
 0 0 1 2 1 1 0 0 0 1 1 0 0 1 1 0 0 2 0 2 0 0 0 0 0 0 1 0 1 2 0 1 2 1 1 1 1
 0 2 1 0 1 2 1 0 0 1 1 0 2 0 0 2 0 1 0 0 2 1 0 0 1 0 0 1 2 1 1 1 1 1 1 1 2
 1 1 0 1 2 1 0 0 1 2 0 0 1 1 1 1 0 0 1 1 0 2 2 0 1 1 2 1 1 0 1 1 0 2 1 0 1
 0 0 0 1 0 0 1 2 1 0 1 1 0 0 1 1 1 0 0 1 0 1 0 0 1 0 0 1 2 1 1 0 0 1 2 0 1
 1 1 1 0 0 1 0 1 2 0 2 1 0 1 1 1 2 0 0 2 1 0 0 2 1 1 0 1 0 0 1 0] 
.Accuracy: 0.6007043670758704.
--------------------------
Incorrect key: [0 1 1 0 0 0 1 2 1 1 1 1 0 1 2 1 1 2 0 1 1 0 1 1 0 1 1 0 2 0 0 0 1 1 1 0 1
 0 1 0 0 1 0 1 0 0 0 0 0 0 0 0 1 0 1 1 1 0 0 1 1 0 1 2 0 1 0 2 0 2 2 1 2 0
 1 0 1 0 0 1 0 0 0 1 2 0 1 0 1 0 2 0 1 0 0 1 1 1 0 0 0 0 2 1 1 2 1 1 1 1 0
 0 2 1 1 1 2 0 1 0 2 1 0 0 1 1 1 0 0 1 1 1 1 1 2 0 1 2 1 0 0 1 2 0 2 1 0 1
 1 1 0 0 0 0 0 2 0 1 0 1 2 1 0 1 0 1 1 1 2 0 2 0 0 0 1 2 1 1 1 0 2 1 1 2 1
 1 0 2 2 0 0 2 1 2 0 0 0 0 1 0 0 0 0 0 1 2 1 1 0 2 0 1 0 1 0 0 1 1 0 0 0 1
 2 0 1 0 2 0 2 1 0 2 0 2 1 0 1 1 1 1 0 0 1 0 0 0 1 0 0 0 0 1 0 1 0 0 2 2 1
 1 1 0 1 1 2 0 1 1 0 2 1 1 0 0 2 1 1 1 1 0 1 1 0 1 1 0 0 2 1 1 1] 
.Accuracy: 0.7063191789092372.
--------------------------
Incorrect key: [0 1 1 1 0 2 1 1 0 0 1 2 0 1 0 0 1 0 1 1 1 0 0 0 1 1 2 1 0 1 2 0 0 0 1 1 1
 0 1 0 0 0 1 0 0 2 0 1 0 0 1 0 0 2 2 1 1 0 2 0 0 0 1 1 0 0 2 0 2 1 1 2 1 1
 1 1 1 1 0 0 1 0 1 0 1 0 2 2 0 1 1 1 0 0 2 1 1 1 1 0 0 2 1 0 1 1 1 1 2 0 0
 0 2 1 1 1 2 0 1 1 1 0 0 0 0 1 1 2 0 2 0 0 1 1 0 0 0 0 1 1 1 0 0 1 2 1 0 1
 0 2 0 2 1 1 0 0 0 1 1 2 1 1 0 0 0 0 0 1 0 1 0 2 1 0 2 1 2 0 1 0 2 0 0 2 1
 0 0 1 0 1 0 0 0 0 0 0 1 2 0 1 0 0 1 0 1 1 1 1 0 0 2 2 1 1 0 0 0 0 2 1 1 1
 1 2 1 1 0 1 2 1 1 1 1 0 2 0 1 0 0 1 0 1 1 1 1 1 2 0 0 1 1 0 0 1 1 1 1 0 0
 0 1 0 0 2 1 1 1 1 1 0 0 0 0 2 1 1 2 2 1 2 0 0 0 1 2 0 1 1 2 0 0] 
.Accuracy: 0.8691487220768767.
--------------------------
Incorrect key: [0 0 0 0 0 0 0 0 0 1 0 2 0 2 1 0 2 1 0 0 1 1 0 1 0 1 1 2 1 2 2 1 0 0 0 1 0
 0 2 1 2 0 0 2 1 1 0 2 0 1 1 0 1 0 1 1 0 0 1 2 0 1 1 1 1 0 1 2 0 0 1 1 0 1
 1 1 1 1 1 0 1 1 2 0 0 0 0 0 1 1 2 0 1 1 1 0 1 1 1 1 1 1 1 1 0 0 1 1 0 2 2
 0 0 1 2 0 0 1 1 0 1 0 1 2 1 1 0 1 2 2 1 1 0 0 1 1 0 1 0 0 2 1 0 1 0 1 1 1
 2 0 1 0 1 0 0 1 0 2 1 0 1 1 1 0 1 1 2 0 1 1 1 0 1 0 0 0 1 0 2 0 2 0 2 0 1
 0 1 0 0 1 0 0 0 0 1 0 0 1 1 2 1 1 0 1 1 1 0 0 1 1 1 0 1 1 1 2 2 0 1 2 1 0
 2 0 0 2 1 1 2 0 0 0 2 2 0 1 2 0 1 0 1 0 0 1 0 1 0 1 0 0 0 1 0 2 0 0 1 0 0
 1 2 0 1 1 1 0 1 0 0 1 2 2 1 1 2 2 1 0 0 2 0 1 1 0 0 0 1 0 0 0 1] 
.Accuracy: 0.4274904407325418.
--------------------------
Incorrect key: [1 1 0 0 0 2 2 0 1 2 1 1 0 0 0 0 0 2 2 2 1 2 1 1 1 2 2 0 2 0 2 1 0 0 1 0 1
 2 0 0 1 2 1 2 0 2 0 0 0 1 0 2 0 1 1 1 0 2 2 1 1 1 1 1 1 1 0 0 0 1 1 0 0 0
 1 0 1 1 2 2 1 0 1 0 1 1 0 1 1 2 0 1 1 1 1 1 1 1 0 0 2 0 1 1 0 2 1 1 1 0 1
 1 1 0 1 1 1 1 1 1 0 1 0 0 1 1 1 1 0 0 0 0 2 0 2 1 0 2 1 1 0 1 0 2 1 1 1 0
 0 1 1 1 1 0 2 2 1 0 0 0 0 2 1 0 1 1 0 1 0 1 1 0 1 0 1 0 0 1 1 0 0 0 0 1 0
 2 2 1 1 2 0 1 2 1 1 1 1 0 0 0 0 1 1 0 0 0 0 0 0 0 1 0 0 0 0 1 1 2 0 0 1 0
 1 0 0 1 1 2 0 0 1 0 1 0 2 0 1 0 1 0 1 1 0 2 0 2 0 0 1 2 2 1 1 0 1 1 0 0 2
 0 0 0 0 1 1 0 1 0 1 0 1 1 1 1 0 2 1 0 0 1 0 1 0 0 1 0 0 2 0 0 0] 
.Accuracy: 0.506299054135641.
--------------------------

Incorrect key: [1 0 0 2 1 0 1 1 1 2 0 0 1 2 1 2 0 1 0 0 0 0 2 0 0 1 1 1 1 0 0 1 1 0 2 1 2
 1 1 0 1 1 2 0 0 2 1 2 0 1 2 1 0 0 1 0 0 1 1 1 1 1 0 0 1 0 0 2 2 2 1 2 0 1
 0 0 1 1 2 0 0 1 2 1 1 1 1 0 0 2 0 0 0 1 0 0 1 2 1 2 1 1 1 1 1 1 0 1 0 1 0
 0 0 2 2 1 1 2 2 1 1 0 1 1 1 0 2 0 0 0 1 0 0 1 1 1 0 0 2 0 0 0 1 1 2 1 0 1
 2 1 1 0 1 0 1 0 1 0 0 0 0 0 0 0 1 1 0 0 0 2 1 0 0 0 0 0 0 1 1 1 0 1 2 0 1
 0 2 0 1 0 1 1 0 2 1 1 0 0 0 2 2 1 0 2 2 1 0 1 0 0 0 0 2 1 0 0 1 1 1 2 1 0
 1 0 1 1 2 2 1 1 0 2 0 1 1 1 1 0 1 1 0 1 1 0 1 1 0 1 0 1 0 0 1 0 1 1 1 0 2
 1 1 0 0 0 1 0 1 1 0 0 1 0 1 0 0 1 1 0 1 0 1 1 0 2 0 0 0 2 1 0 0] 
.Accuracy: 0.7622861742805394.
--------------------------
Incorrect key: [0 1 0 0 1 1 0 0 0 0 0 2 1 1 0 2 0 1 0 0 1 1 1 0 1 1 0 1 1 2 1 0 2 1 0 0 1
 1 1 0 1 0 0 0 1 0 2 0 1 2 0 0 0 0 2 0 2 1 1 0 1 1 1 0 0 0 0 1 0 1 2 2 0 1
 1 0 0 2 0 0 1 2 0 2 0 0 0 2 2 1 0 1 2 0 0 1 1 2 2 2 0 1 0 1 0 0 0 2 2 0 1
 0 0 0 0 1 1 2 1 0 0 1 1 1 1 1 0 1 1 1 1 0 1 1 1 1 1 0 0 0 0 1 1 1 1 1 2 1
 1 1 1 2 1 1 1 0 1 0 0 0 0 1 0 1 1 2 1 1 1 0 0 0 1 0 0 1 0 0 1 0 1 0 0 2 2
 1 1 2 2 1 0 0 0 0 1 0 0 1 2 0 2 1 2 0 0 1 0 0 1 0 0 0 0 0 2 2 1 0 0 1 0 1
 0 0 1 2 0 1 0 2 1 0 0 0 1 1 0 0 1 2 1 0 0 1 1 1 2 0 0 0 0 1 1 1 1 0 2 0 1
 0 1 1 2 0 1 1 0 1 1 1 0 2 1 1 2 1 1 1 1 2 0 1 0 2 0 1 1 1 1 1 1] 
.Accuracy: 0.46089756490239486.
--------------------------
Incorrect key: [1 2 0 1 2 2 2 0 1 1 0 0 0 2 1 0 0 1 2 2 1 1 2 1 1 0 0 1 1 2 0 1 0 1 1 0 1
 2 1 0 1 0 1 1 0 1 1 1 0 2 0 1 1 0 1 0 2 0 1 1 0 0 2 0 0 1 1 1 1 1 1 0 1 1
 0 1 0 2 0 0 0 0 0 2 0 1 0 0 0 2 0 0 0 1 1 0 0 0 2 1 2 0 0 1 0 2 1 0 0 1 1
 0 1 0 1 1 2 1 1 2 0 0 2 0 0 1 1 1 1 1 0 2 0 0 1 0 2 1 1 2 0 0 1 2 2 1 2 2
 0 0 1 1 0 2 0 0 0 1 1 0 1 1 0 0 0 2 0 1 1 0 0 1 0 1 1 2 0 0 2 1 1 1 0 1 1
 0 1 1 1 0 0 0 0 1 1 0 2 0 0 1 0 1 0 0 0 0 1 0 1 0 0 0 1 1 0 1 2 1 1 1 1 1
 0 0 1 2 1 0 0 0 1 1 0 2 0 0 0 0 1 0 1 0 2 1 1 2 0 0 0 1 1 1 0 1 0 1 2 0 0
 1 1 1 1 0 1 1 1 1 1 1 1 0 0 0 1 1 2 0 2 1 1 0 0 1 0 1 0 0 2 1 2] 
.Accuracy: 0.5440531294022942.
--------------------------
Incorrect key: [0 0 0 2 2 2 0 1 0 1 0 2 1 1 1 0 0 0 0 2 1 0 1 1 0 1 1 0 1 1 1 0 2 1 1 1 1
 2 0 1 1 0 2 1 1 0 1 0 0 1 2 1 1 1 2 0 0 1 1 1 1 1 1 0 0 0 0 0 2 2 1 0 1 0
 0 2 1 1 0 1 2 1 1 1 1 0 0 1 0 0 1 0 0 2 0 0 1 0 2 1 1 0 1 0 2 0 1 1 1 2 1
 0 1 1 1 2 0 0 0 0 0 0 1 1 0 1 1 2 1 0 0 1 1 0 0 0 1 0 1 0 0 2 0 1 1 2 2 1
 1 0 0 1 0 2 1 2 1 1 1 0 0 0 1 1 1 1 0 1 1 1 0 1 1 1 1 1 2 2 0 2 2 0 2 0 0
 1 0 1 1 0 2 0 0 0 0 0 0 1 0 0 0 1 1 1 0 1 0 0 0 0 1 0 0 0 2 1 0 1 0 0 2 2
 0 1 2 1 1 1 2 0 1 1 1 1 0 2 2 1 0 1 0 0 0 1 1 0 0 1 0 1 0 1 1 1 0 0 1 0 0
 1 0 1 1 0 2 2 0 0 1 1 0 2 1 2 0 1 0 0 0 0 0 0 2 1 1 2 0 1 1 0 0] 
.Accuracy: 0.203320587643389.
--------------------------
Incorrect key: [0 2 1 1 2 2 1 0 1 1 0 0 1 2 0 1 1 1 1 2 1 1 0 0 0 0 1 0 0 1 0 0 1 1 0 0 1
 0 1 1 1 1 0 0 1 0 0 1 0 1 1 1 0 0 0 1 0 1 1 0 0 1 0 0 1 2 1 1 1 2 0 0 1 1
 0 0 0 0 0 1 0 0 1 1 1 0 1 1 1 2 1 0 0 0 2 2 1 1 1 0 0 1 0 0 1 0 2 0 1 0 0
 0 1 2 1 1 2 2 0 1 0 1 1 1 1 1 1 0 0 0 0 2 0 2 0 0 1 0 2 0 2 1 0 0 0 1 1 1
 0 1 1 1 0 1 0 2 0 0 2 2 0 0 0 1 0 1 2 1 1 0 0 2 1 1 1 1 1 1 1 0 1 2 2 2 0
 2 0 1 0 0 1 0 0 2 0 0 1 0 0 1 0 1 2 1 1 1 1 0 1 2 0 0 0 2 0 0 0 1 1 1 1 0
 0 0 2 0 0 1 1 2 1 1 0 0 2 2 0 1 1 1 0 1 2 0 0 0 0 2 1 0 1 1 0 1 1 2 1 1 0
 1 1 2 1 1 0 0 2 0 1 0 1 1 1 0 1 1 1 0 0 0 1 2 2 0 0 0 2 1 1 0 2] 
.Accuracy: 0.555624874220165.
--------------------------
Incorrect key: [1 1 1 1 0 0 1 0 2 1 1 0 1 1 0 2 1 1 0 0 1 0 0 0 0 1 0 1 1 1 1 0 1 0 1 1 0
 1 0 1 0 2 0 1 1 2 1 2 0 1 1 2 1 1 0 2 0 0 0 2 1 1 0 0 0 0 1 0 2 1 2 1 0 0
 0 0 2 0 1 1 1 0 1 1 1 1 1 0 1 1 0 0 1 2 1 2 0 2 0 1 0 0 0 1 1 2 2 1 1 2 2
 2 1 1 2 1 1 1 1 2 0 0 2 0 2 1 0 0 0 0 0 1 2 2 1 0 0 1 0 0 0 1 2 2 0 0 1 1
 0 0 0 1 2 0 0 0 0 0 0 0 1 0 1 1 1 0 1 0 2 1 0 1 0 1 0 2 1 0 0 0 1 0 2 0 0
 1 1 0 1 0 2 1 0 0 0 0 0 1 0 0 1 0 1 1 2 1 0 1 0 2 0 1 0 1 1 1 1 0 1 1 0 0
 0 1 1 1 1 0 0 0 1 1 1 0 1 1 0 0 1 0 2 2 2 1 1 2 1 1 1 0 0 1 1 0 1 0 0 0 0
 0 1 0 0 1 0 0 2 2 2 0 0 2 1 1 1 0 2 1 0 0 1 2 1 1 1 0 1 1 1 0 1] 
.Accuracy: 0.41668343731133023.
--------------------------
Incorrect key: [1 0 1 0 1 1 1 0 2 1 0 2 2 1 0 1 0 0 1 0 2 0 1 0 0 2 1 2 1 2 1 0 1 2 0 0 2
 1 0 1 1 0 1 1 0 0 0 1 1 2 0 2 1 1 0 0 1 1 0 2 0 1 0 1 0 1 2 0 1 1 0 0 0 2
 0 2 1 2 0 2 2 0 0 2 0 0 0 1 0 2 1 1 0 0 0 1 2 1 1 1 1 1 2 1 2 0 0 2 1 0 1
 2 1 2 1 1 1 0 0 2 2 1 0 1 1 1 2 0 0 1 0 0 1 1 1 1 0 1 0 2 1 0 0 1 1 1 1 0
 0 0 0 0 0 1 2 0 0 0 1 0 1 1 2 0 2 1 0 1 1 0 1 0 0 2 0 0 1 2 2 1 0 0 0 0 0
 0 0 0 0 0 1 0 0 0 1 0 1 0 0 0 0 1 0 1 0 1 0 1 0 1 0 1 2 1 0 1 0 1 0 1 0 2
 1 1 0 0 0 1 1 1 1 1 0 0 1 1 1 1 0 0 1 2 0 0 1 2 0 1 1 0 1 0 1 1 0 1 0 1 0
 1 1 1 0 1 0 2 1 2 1 1 1 1 0 0 1 1 1 0 2 0 1 2 1 1 1 0 1 1 0 0 1] 
.Accuracy: 0.5469913463473536.
--------------------------
Incorrect key: [1 0 1 0 0 0 1 0 1 2 0 2 0 2 1 2 0 0 0 1 0 1 1 0 2 0 0 1 0 2 0 0 1 0 1 0 0
 1 1 1 0 1 2 1 0 0 0 1 0 0 1 0 2 0 0 1 0 1 0 0 0 0 2 0 0 0 0 1 0 2 1 0 1 1
 0 1 1 0 1 1 2 0 1 0 2 0 1 0 1 2 0 1 0 1 1 1 0 0 1 0 0 1 1 0 0 0 0 1 2 0 0
 1 1 1 0 0 1 0 1 0 1 1 2 1 0 0 1 1 1 1 1 0 1 1 1 0 0 0 1 1 1 2 2 0 2 0 1 1
 1 1 1 2 1 1 0 1 1 0 1 0 0 1 2 1 1 0 2 0 1 1 0 0 2 2 1 2 2 1 1 0 2 2 2 0 0
 1 1 0 1 1 0 1 1 2 2 0 1 1 1 0 2 1 0 0 1 1 0 1 1 0 1 1 1 1 2 1 0 1 1 0 0 1
 0 2 1 0 0 0 0 1 1 1 1 0 0 0 0 1 1 0 0 2 2 0 0 1 2 1 0 1 0 2 0 0 0 0 0 1 1
 1 0 1 1 0 1 1 0 0 1 0 2 0 1 1 0 0 1 0 0 1 1 1 2 0 2 2 1 2 1 2 2] 
.Accuracy: 0.40648017709800766.
--------------------------
Incorrect key: [0 0 1 0 2 1 1 0 0 0 0 1 0 1 0 2 0 0 0 1 0 0 1 1 1 0 0 0 0 1 2 1 1 2 1 1 1
 1 0 1 2 1 1 1 1 0 0 2 2 2 1 1 0 0 1 1 0 1 1 0 0 1 0 0 1 1 0 0 1 2 0 0 1 1
 1 2 2 1 0 0 0 0 1 2 0 1 1 0 1 1 1 0 1 0 0 0 1 1 0 1 0 2 1 2 1 0 2 2 1 0 1
 0 0 1 1 1 0 0 1 1 1 2 0 2 0 1 1 1 0 1 1 2 1 0 1 0 1 0 1 1 0 0 0 1 0 0 2 0
 1 0 1 1 0 2 1 0 2 1 2 1 2 1 0 1 0 2 0 0 2 1 2 2 0 0 1 1 0 0 1 1 1 0 0 1 0
 2 1 1 0 1 0 0 0 2 2 2 2 1 0 0 0 1 0 0 1 1 0 1 0 0 1 1 1 1 0 1 1 0 0 0 1 1
 0 1 1 0 0 0 0 1 0 1 0 1 0 0 0 2 0 1 2 1 1 2 0 1 1 0 2 1 2 1 1 1 2 0 0 1 1
 1 1 2 0 0 0 1 0 0 2 0 0 1 0 0 0 0 1 0 0 1 0 0 1 1 1 2 0 2 2 1 1] 
.Accuracy: 0.543429261420809.
--------------------------
Incorrect key: [2 1 0 0 2 1 2 0 0 1 0 1 1 0 1 2 0 0 0 0 0 0 1 2 1 1 0 2 0 1 0 0 0 1 1 0 1
 0 1 0 1 0 0 2 0 0 2 1 1 2 1 0 0 2 0 1 2 1 1 0 1 0 0 0 0 2 1 2 0 0 0 0 0 1
 1 0 1 0 2 1 0 0 1 1 1 1 1 0 0 1 2 0 0 0 2 1 1 0 1 1 1 1 0 2 0 1 2 0 2 0 2
 0 0 1 1 1 1 1 0 1 0 0 0 1 1 0 1 0 2 0 2 0 2 1 1 0 1 1 0 1 0 1 1 0 0 1 0 0
 0 2 1 0 0 1 2 1 0 2 1 1 2 1 0 2 1 1 0 2 1 0 1 2 1 1 1 1 1 0 0 0 0 0 1 0 0
 2 0 0 1 0 1 2 0 0 2 1 1 0 1 1 0 1 0 0 1 1 1 1 1 2 1 1 1 0 1 1 1 0 0 0 0 1
 1 0 1 1 0 1 0 1 1 2 1 0 2 0 2 0 2 0 0 1 1 0 0 2 1 1 0 1 0 2 1 1 2 0 2 0 1
 0 1 0 0 0 1 0 1 1 1 0 2 0 1 1 1 1 0 1 1 0 1 0 0 0 1 1 1 1 1 0 2] 
.Accuracy: 0.8056148118333669.
--------------------------
Incorrect key: [2 1 0 0 0 1 2 1 0 1 1 1 1 1 1 0 1 2 1 0 1 0 2 0 1 1 1 0 0 0 1 1 2 2 1 1 2
 0 0 0 0 1 1 1 0 1 2 1 2 0 1 0 2 1 0 2 0 0 1 0 0 0 1 1 1 1 2 1 1 0 0 2 1 1
 1 0 0 1 0 1 0 2 0 0 1 2 0 0 0 0 1 0 2 0 2 1 1 0 0 1 0 0 1 0 2 1 0 0 0 0 1
 1 0 0 1 0 1 2 2 0 1 0 0 1 0 1 1 1 0 1 0 1 1 2 1 1 0 0 0 0 2 0 2 2 0 1 1 0
 0 0 1 0 0 0 1 2 0 0 0 1 1 1 0 0 0 0 2 1 1 0 1 1 1 1 0 1 0 2 0 1 0 0 0 1 1
 0 2 0 1 0 0 1 0 2 2 2 0 1 0 1 0 1 1 2 1 1 2 1 1 1 1 0 0 0 0 0 1 0 2 1 1 0
 1 1 0 1 2 1 0 2 1 0 1 0 0 1 0 0 1 1 1 0 0 0 0 1 0 1 2 0 2 0 1 1 2 1 0 0 1
 0 0 0 1 0 1 1 1 2 1 2 0 0 2 2 1 2 0 1 1 1 1 1 1 1 1 1 0 0 0 1 1] 
.Accuracy: 0.3196619038035822.
--------------------------
Incorrect key: [0 2 2 1 0 1 0 1 2 1 2 0 1 1 0 0 2 0 2 1 0 1 1 0 1 0 1 0 1 1 0 0 1 2 2 1 0
 1 1 0 1 1 1 0 1 1 2 2 0 0 0 2 0 0 0 1 1 0 0 0 2 1 2 0 1 1 1 1 0 1 2 1 1 1
 1 1 1 0 0 0 0 0 0 1 0 1 1 0 1 1 2 0 0 1 1 0 0 0 0 2 0 2 1 2 0 0 0 0 1 1 0
 1 0 1 0 1 0 0 2 0 0 1 0 0 1 1 1 1 0 0 1 0 0 0 0 0 1 1 1 1 2 1 2 1 0 0 1 1
 2 1 2 1 1 1 1 2 0 0 0 1 0 1 0 0 2 1 0 1 1 1 2 0 0 0 0 0 0 0 1 1 1 2 0 1 2
 0 1 1 0 1 0 1 1 0 1 1 0 0 0 1 1 1 1 0 0 1 1 1 2 0 1 0 0 0 0 1 1 2 1 1 1 0
 1 1 0 1 0 0 1 0 2 0 2 2 1 0 0 0 0 1 1 1 0 0 2 0 0 1 0 2 2 1 1 1 1 1 0 1 0
 2 1 0 0 2 0 0 1 0 1 1 1 0 0 0 1 0 0 1 2 2 0 1 0 1 2 2 1 2 0 2 1] 
.Accuracy: 0.32495471925940833.
--------------------------
Incorrect key: [0 2 0 0 2 0 1 2 1 1 1 2 1 1 0 1 2 1 0 0 0 2 1 1 0 1 1 0 1 0 0 1 0 1 1 1 0
 0 1 0 1 1 1 1 0 1 0 1 1 0 0 2 0 0 1 0 0 0 0 1 2 2 1 2 0 1 1 0 1 2 1 1 1 1
 1 2 1 0 0 1 1 2 1 2 0 0 1 1 0 0 2 2 1 0 0 1 0 1 2 0 1 1 1 0 0 0 1 0 2 0 2
 1 1 1 0 0 1 0 0 1 2 0 0 0 2 0 0 0 0 2 0 0 1 0 1 1 0 0 2 1 1 0 1 1 0 1 2 1
 0 1 0 1 1 0 0 0 0 1 0 1 0 0 1 1 0 1 0 1 1 2 2 2 1 0 0 2 1 0 0 0 0 1 1 1 1
 2 1 1 2 2 1 1 0 1 0 1 1 2 1 1 0 0 1 1 0 2 0 1 1 2 2 0 0 1 0 1 1 0 0 1 0 0
 0 0 0 1 0 2 2 1 1 1 0 1 1 2 0 1 1 0 1 1 0 0 0 0 1 0 2 0 1 0 0 0 1 1 0 0 0
 1 2 1 0 1 0 0 1 2 0 0 2 0 0 0 1 0 0 2 1 1 0 0 1 1 2 1 1 1 0 1 1] 
.Accuracy: 0.5749044073254176.
--------------------------

Incorrect key: [1 1 1 1 0 0 1 0 0 1 0 0 0 0 1 0 1 1 0 2 0 1 0 1 0 2 2 1 1 0 2 0 0 0 2 1 1
 1 0 2 1 1 0 2 1 1 0 0 0 1 1 0 0 2 1 1 0 0 0 0 1 1 0 0 1 0 0 0 0 1 0 1 0 0
 2 0 1 1 0 1 1 2 1 2 1 1 2 0 0 1 0 1 1 0 1 2 2 0 0 1 2 1 0 2 1 1 0 1 1 0 0
 2 0 1 0 1 0 1 1 1 1 0 0 2 0 2 0 2 1 1 1 0 0 1 0 2 0 0 0 0 0 0 1 0 1 1 1 0
 1 1 2 0 0 0 1 1 1 1 1 0 2 0 1 0 2 2 2 0 0 1 2 1 0 0 1 1 0 1 1 2 1 0 0 0 0
 0 0 1 0 2 1 0 0 2 0 1 1 1 0 2 0 1 2 2 2 1 1 1 1 2 1 1 0 1 1 1 0 1 1 1 0 0
 0 2 2 1 1 1 0 1 1 0 1 1 0 2 0 1 2 1 0 1 0 1 1 2 1 1 0 0 0 0 1 1 1 0 0 0 2
 0 0 1 0 0 2 1 1 1 1 1 0 1 0 1 2 1 0 0 1 0 0 1 1 0 1 1 0 0 0 0 2] 
.Accuracy: 0.18657677601126987.
--------------------------
Incorrect key: [0 0 0 1 2 0 1 0 1 2 1 0 1 0 0 1 1 1 0 2 0 2 1 1 0 1 0 0 0 1 2 1 2 1 0 0 0
 2 0 0 0 0 0 1 1 1 1 2 0 1 0 2 0 1 1 2 0 2 1 0 1 1 1 0 1 0 0 1 1 1 1 0 0 1
 0 0 1 2 1 0 1 1 1 2 0 1 0 1 1 1 0 0 1 0 0 0 1 0 2 1 0 1 0 1 2 1 1 1 1 0 0
 1 2 1 0 0 0 0 0 0 1 1 1 2 0 1 0 1 1 1 1 2 0 1 1 2 0 2 1 1 2 1 2 0 2 1 0 0
 2 1 0 2 2 1 0 1 0 1 0 0 1 0 1 2 0 0 0 1 0 1 0 1 1 1 0 1 1 0 0 1 0 0 2 1 0
 2 1 2 0 0 0 0 0 1 0 1 2 0 0 1 1 0 1 1 0 1 0 1 1 0 0 1 0 1 0 0 0 1 1 1 0 0
 2 0 0 2 1 2 0 0 0 1 0 2 0 0 2 1 1 0 0 0 0 2 0 1 2 1 0 2 1 0 1 0 0 1 1 1 0
 0 1 1 2 1 1 0 1 2 0 0 1 1 1 2 1 0 1 0 1 1 0 1 1 2 1 1 1 2 0 1 0] 
.Accuracy: 0.6649828939424431.
--------------------------
Incorrect key: [0 0 1 1 1 0 1 0 0 1 0 1 0 0 1 1 1 0 0 1 0 0 1 1 0 1 2 1 0 0 1 1 1 0 1 1 1
 0 1 1 0 1 0 1 0 2 2 2 1 1 2 0 1 0 0 0 0 0 2 1 1 1 1 1 1 2 1 2 0 0 0 1 1 1
 0 0 2 2 0 0 0 1 0 1 0 0 0 0 1 1 2 1 1 0 0 0 0 2 0 1 1 1 1 2 1 2 1 1 0 1 0
 1 0 0 0 1 2 1 0 2 1 1 0 2 0 2 1 1 1 0 0 2 1 0 0 2 0 2 2 1 0 1 2 0 1 1 2 2
 1 2 0 1 2 1 1 2 0 1 0 1 0 0 0 1 0 1 0 0 2 1 0 1 1 1 1 2 1 0 1 1 0 0 1 1 2
 1 0 0 1 0 0 1 0 0 1 0 0 1 1 0 1 1 0 1 0 2 2 0 0 1 0 2 1 0 0 0 1 0 2 1 1 2
 1 0 1 1 1 1 0 0 1 1 1 2 0 0 0 0 1 1 0 1 0 0 0 1 1 1 1 0 1 0 0 2 1 2 0 0 0
 0 2 2 0 0 0 1 1 1 0 2 1 1 0 1 1 0 0 1 0 0 1 0 1 0 1 0 0 2 2 0 0] 
.Accuracy: 0.3456429865164017.
--------------------------
Incorrect key: [1 1 1 1 1 1 0 1 2 0 1 1 1 2 0 2 0 0 1 0 2 1 1 0 0 0 1 1 1 0 0 0 1 0 2 0 1
 0 0 0 1 2 1 0 1 2 0 1 0 1 2 1 2 1 1 0 0 1 0 1 0 1 1 1 2 0 2 1 1 2 0 0 1 1
 1 0 1 0 2 1 0 1 0 1 2 1 1 1 0 1 1 0 0 2 0 1 1 1 0 0 1 0 2 0 2 1 2 2 0 1 0
 1 1 1 1 1 1 1 1 0 2 0 1 0 0 1 1 0 0 0 0 1 1 0 1 2 1 1 2 0 1 0 1 0 0 0 1 0
 2 1 0 0 1 0 1 1 0 2 2 0 1 1 0 2 1 1 0 0 0 0 2 1 0 0 0 0 2 2 1 1 1 0 0 1 0
 0 1 0 1 1 1 0 1 0 1 2 0 0 0 0 1 0 0 1 0 1 0 0 0 2 0 0 0 0 1 0 2 2 0 0 2 2
 1 1 0 1 0 2 1 2 1 1 1 0 1 0 1 1 1 0 0 1 1 1 0 1 1 0 1 2 1 0 0 1 0 0 2 0 0
 2 1 1 0 0 2 0 0 0 1 0 1 0 1 1 0 0 0 1 1 1 2 0 1 0 2 1 1 0 0 0 2] 
.Accuracy: 0.4994163815657074.
--------------------------
Incorrect key: [1 1 1 0 1 0 2 0 1 0 0 2 0 1 1 1 2 0 0 0 2 1 2 1 1 0 1 1 1 0 1 2 0 0 0 0 0
 0 1 0 0 1 2 1 0 0 1 1 0 1 0 0 0 0 1 0 0 1 0 2 2 0 1 2 0 0 2 1 0 0 0 1 2 1
 0 2 1 0 1 0 1 2 2 1 2 0 0 1 1 0 1 1 1 1 1 0 0 1 1 1 0 2 1 1 0 1 1 0 1 1 1
 2 1 0 0 0 2 0 0 1 1 0 0 1 2 1 0 0 1 2 2 0 1 0 2 1 0 0 1 1 1 0 1 0 0 1 1 1
 0 0 2 1 1 0 0 0 1 1 1 1 0 0 1 2 0 0 0 1 0 1 0 1 0 0 1 1 2 1 0 1 1 2 1 0 2
 1 2 1 1 1 0 0 0 1 2 1 0 0 2 1 1 2 1 0 0 0 1 0 0 0 1 0 0 1 0 1 2 1 1 2 0 0
 0 1 1 1 0 1 0 1 1 0 1 0 2 0 2 0 1 0 0 2 1 1 1 1 2 0 0 0 0 2 1 1 0 0 1 0 0
 1 0 0 0 0 1 2 2 1 2 1 0 0 0 2 0 1 1 1 1 1 0 1 0 0 1 1 0 1 1 2 1] 
.Accuracy: 0.5976454014892333.
--------------------------
Incorrect key: [1 1 1 0 0 1 0 0 1 1 2 1 1 2 0 1 0 1 1 1 1 1 1 0 2 1 1 1 0 2 2 1 0 1 0 0 1
 2 0 1 0 1 1 1 0 0 2 2 0 0 0 1 0 1 0 1 0 1 1 0 0 0 1 0 2 1 2 1 0 1 0 1 1 0
 0 0 1 0 0 2 0 0 1 0 1 0 2 1 2 2 0 1 0 0 0 1 1 1 1 1 0 2 1 0 1 0 1 1 0 2 0
 1 0 1 0 0 2 0 1 1 0 0 1 0 2 2 0 0 0 1 0 0 1 0 1 0 2 2 0 1 0 0 2 0 1 1 0 2
 2 0 1 0 2 1 1 1 0 1 0 0 1 1 2 0 0 0 0 1 0 2 2 1 1 2 0 0 2 0 2 0 1 0 2 1 2
 2 0 0 1 0 0 1 0 2 1 0 1 0 1 0 0 1 0 1 1 2 0 1 1 1 2 1 2 1 0 0 0 0 0 1 1 1
 0 0 1 2 0 1 0 0 1 1 2 1 0 1 1 0 1 0 1 1 1 1 0 2 1 1 2 0 1 1 0 1 1 1 1 0 0
 0 0 0 1 1 0 0 1 1 1 0 0 2 1 0 0 0 1 2 1 1 0 1 1 1 0 1 0 0 1 1 0] 
.Accuracy: 0.7295029180921715.
--------------------------
Incorrect key: [0 1 1 0 0 2 0 0 2 1 0 0 2 0 2 0 0 1 2 0 0 1 0 2 0 1 0 2 0 0 1 1 0 1 1 0 2
 1 1 0 1 1 2 1 0 1 0 0 1 1 0 0 1 1 0 0 1 2 2 0 2 1 2 0 0 1 2 0 1 1 2 1 1 0
 2 0 0 0 0 1 1 1 2 0 0 2 0 1 2 1 0 0 0 1 2 1 0 0 1 0 1 1 0 1 2 1 1 0 1 1 2
 0 0 1 0 1 0 0 1 2 1 0 1 2 2 0 2 0 2 0 1 0 0 1 0 1 1 1 0 1 1 1 1 1 0 2 0 0
 1 1 0 1 0 1 0 0 1 1 0 1 0 2 0 1 0 2 0 1 1 1 1 0 0 0 0 0 0 0 0 1 1 1 0 1 1
 0 0 0 2 0 2 0 1 1 1 1 0 2 1 1 1 0 1 0 0 1 0 0 1 1 0 0 1 0 1 0 1 1 1 1 1 1
 0 0 2 1 0 0 1 1 0 1 0 1 1 1 1 1 1 1 0 1 0 2 2 1 0 1 2 0 0 1 0 0 0 0 2 1 2
 1 1 1 0 1 0 2 0 0 0 2 2 1 2 0 0 0 0 1 1 1 1 0 1 1 1 2 1 1 0 0 1] 
.Accuracy: 0.7993962567921111.
--------------------------
Incorrect key: [0 1 1 0 1 1 1 2 0 0 1 1 1 2 2 0 1 0 2 0 1 0 2 1 1 0 2 0 1 0 0 0 0 0 1 2 0
 1 0 1 1 1 0 2 1 1 2 0 1 1 1 0 0 0 1 1 0 1 0 1 2 1 0 2 1 0 0 1 1 1 1 1 1 0
 0 2 2 0 1 2 1 0 1 1 1 0 2 2 0 0 0 1 1 0 0 0 2 0 2 1 0 0 1 2 0 1 2 2 0 1 1
 1 0 0 0 0 0 1 0 0 0 0 1 0 0 1 1 0 0 0 0 0 2 0 1 2 1 1 2 2 1 1 2 1 1 1 0 1
 0 1 2 0 0 0 1 0 0 1 0 2 0 0 1 0 1 0 2 1 2 0 0 1 2 1 1 0 1 2 0 1 0 1 2 1 0
 1 1 1 1 0 1 1 1 2 1 0 0 1 1 1 0 1 2 0 0 0 1 1 0 0 1 1 2 1 0 0 1 1 1 1 0 1
 0 0 0 1 1 0 1 1 1 1 1 1 2 1 0 1 0 2 2 0 0 0 1 2 0 0 0 0 0 1 0 1 0 0 0 0 0
 1 0 2 1 1 2 0 1 0 0 1 1 2 1 0 1 1 1 1 1 1 0 0 0 0 0 1 0 0 2 0 1] 
.Accuracy: 0.7126584825920709.
--------------------------
Incorrect key: [0 0 0 1 2 0 1 2 1 2 0 0 1 0 1 1 0 2 0 2 0 1 0 1 0 1 1 0 1 0 2 1 1 0 0 1 0
 0 1 0 1 0 0 1 0 0 1 2 1 0 1 0 1 0 0 0 0 1 1 0 0 0 0 1 1 1 1 1 0 0 1 0 1 1
 0 0 1 1 1 0 0 0 0 2 1 1 0 0 1 2 1 0 0 2 1 1 0 2 0 1 1 0 0 2 2 2 0 0 0 0 1
 0 0 0 2 1 2 0 1 0 1 1 1 0 0 1 0 1 2 1 0 0 1 1 2 1 2 1 2 0 1 0 0 1 1 0 1 1
 0 1 1 0 2 1 1 2 0 0 1 0 1 1 1 1 1 0 1 0 0 0 1 1 1 1 0 1 0 0 1 0 1 1 2 2 0
 1 1 0 2 1 1 2 2 0 1 0 0 0 1 0 1 1 1 2 1 2 0 1 2 1 1 2 2 1 0 2 2 1 1 0 0 1
 2 0 0 1 0 1 0 0 1 0 1 0 1 1 1 0 0 0 0 1 2 0 1 0 0 0 1 2 1 1 0 1 0 1 0 0 1
 0 0 1 1 1 0 2 0 2 1 0 1 0 2 1 0 1 2 2 1 1 1 0 0 0 1 0 2 1 2 1 0] 
.Accuracy: 0.45212316361440935.
--------------------------
Incorrect key: [2 1 1 0 1 0 1 0 1 0 2 0 1 1 1 0 1 0 0 2 1 0 0 0 1 0 2 0 1 1 1 0 2 0 2 1 0
 0 0 1 0 0 2 0 0 1 1 0 1 1 1 0 0 0 0 0 2 1 0 1 1 1 1 1 1 2 2 2 0 2 1 0 2 2
 2 1 0 1 1 0 0 1 1 2 0 1 1 1 0 1 2 0 0 1 0 1 2 1 0 2 0 1 1 0 0 0 0 1 0 2 0
 1 1 0 1 0 0 0 1 0 1 1 1 1 1 1 0 0 1 0 0 2 0 2 0 1 1 2 1 1 1 0 2 1 0 2 1 0
 0 1 0 1 1 0 0 0 1 0 1 2 0 1 1 0 1 0 0 0 1 0 0 1 1 0 2 2 0 0 1 1 0 1 0 2 1
 1 0 0 0 2 1 1 0 0 0 1 1 2 0 2 1 1 0 1 0 0 1 0 0 0 1 1 1 1 0 1 0 0 1 0 2 1
 0 0 2 0 1 1 1 0 0 0 1 0 1 1 1 1 0 0 1 0 1 0 1 0 1 2 1 0 2 1 1 2 2 1 0 0 2
 1 1 2 1 2 1 1 0 1 0 1 0 0 0 1 0 1 0 2 1 0 1 0 1 1 2 0 0 2 1 0 1] 
.Accuracy: 0.38754276514389213.
--------------------------
Incorrect key: [0 1 0 1 0 0 2 0 1 2 1 1 0 1 2 0 1 0 0 1 0 0 0 2 0 0 0 1 0 0 2 0 0 1 0 0 1
 1 2 0 0 0 0 2 0 1 0 1 1 2 1 1 0 1 1 2 0 0 2 1 0 1 1 1 1 1 1 0 0 2 1 1 0 1
 0 0 0 1 0 2 1 1 1 1 1 2 2 1 0 0 0 0 0 2 2 0 1 1 0 1 1 0 0 0 1 1 0 0 1 1 2
 0 0 1 1 1 2 1 2 0 2 0 1 1 2 0 1 1 0 1 0 2 0 0 0 1 0 0 1 1 0 1 2 2 1 1 0 1
 0 1 0 2 1 1 1 0 0 2 1 1 0 0 1 0 0 1 1 1 0 1 0 1 0 0 2 0 1 1 2 1 1 2 1 0 1
 1 0 0 0 1 1 0 1 1 0 1 0 0 2 0 0 2 0 0 1 0 0 1 1 1 1 1 0 1 0 1 1 1 0 0 1 2
 0 0 0 0 1 2 1 1 2 0 0 1 0 0 2 0 1 1 1 1 2 0 1 1 2 0 2 0 1 0 1 0 2 1 0 0 0
 2 1 1 0 0 1 1 1 0 2 1 1 0 2 0 1 1 0 1 0 2 1 0 1 1 1 1 2 0 0 1 0] 
.Accuracy: 0.6256389615616824.
--------------------------
Incorrect key: [1 0 1 1 0 1 1 2 0 2 0 0 0 0 1 0 0 0 1 0 1 0 1 2 0 0 1 1 1 1 2 2 1 2 1 0 1
 0 1 0 2 1 1 1 1 0 0 2 0 1 0 1 1 1 0 0 2 1 1 0 2 1 2 0 1 1 0 1 2 1 0 0 1 1
 0 0 0 0 1 0 0 0 0 2 1 0 0 1 0 1 1 1 1 0 1 0 0 1 2 0 1 2 1 1 0 0 0 0 1 2 0
 0 1 0 2 1 2 0 0 0 1 1 0 0 0 1 1 1 1 1 0 2 1 2 1 0 0 1 1 1 0 1 1 1 1 2 1 0
 1 1 0 1 2 1 0 1 1 0 1 0 0 2 0 1 0 0 1 0 2 1 0 1 0 1 0 1 1 0 1 0 0 1 2 1 1
 2 1 1 2 2 1 0 1 1 2 0 1 0 0 2 2 2 0 1 1 0 0 0 1 1 1 1 0 0 2 1 0 0 1 0 2 2
 1 0 0 0 2 1 1 2 2 0 1 0 1 2 0 1 1 1 0 0 0 0 0 0 1 0 0 0 0 0 0 2 0 0 1 2 0
 1 1 1 1 0 0 1 1 2 1 2 1 0 0 1 1 1 0 0 2 0 0 0 1 0 1 0 0 1 1 0 1] 
.Accuracy: 0.48798551016301067.
--------------------------
Incorrect key: [0 1 1 0 2 0 2 0 2 2 1 0 0 1 1 1 0 0 1 1 0 1 0 0 2 0 1 1 1 2 1 0 0 0 1 0 1
 2 0 0 1 1 0 0 1 1 1 1 2 1 1 2 1 0 1 0 0 0 1 0 2 1 1 0 1 0 1 1 1 1 1 1 0 0
 0 0 1 1 2 1 0 1 1 0 1 1 1 0 0 0 1 1 0 1 0 1 1 0 1 1 0 1 0 0 1 0 1 1 1 0 2
 1 0 1 0 0 2 1 0 1 1 2 1 1 0 0 2 1 0 2 1 0 2 0 0 1 0 0 0 0 1 0 1 1 1 2 1 1
 0 0 0 1 1 0 2 2 1 2 1 1 0 1 0 0 1 1 1 0 1 0 1 0 0 0 1 1 0 2 1 0 1 0 0 1 2
 2 2 1 1 2 0 1 2 1 0 0 0 0 2 2 1 0 1 1 1 1 1 0 1 0 1 0 0 0 0 2 0 2 0 0 0 2
 2 0 1 0 0 0 1 0 2 1 1 1 0 1 1 1 1 1 2 1 1 0 0 0 0 1 2 0 2 2 1 2 1 0 1 1 0
 0 2 0 0 0 0 0 0 0 1 0 0 1 1 2 1 1 1 0 1 2 0 0 0 0 0 1 0 2 0 2 0] 
.Accuracy: 0.4941235661098813.
--------------------------

Incorrect key: [1 0 2 1 0 0 0 0 0 2 0 0 0 2 0 1 0 2 0 1 0 1 1 1 0 1 0 1 1 1 0 2 2 1 1 1 1
 1 1 0 0 1 1 0 1 0 2 0 1 1 1 1 2 0 0 0 1 0 1 1 0 0 2 1 1 1 1 2 1 1 1 2 1 0
 2 0 1 1 0 0 1 1 2 0 0 1 0 0 0 0 0 2 1 2 0 0 0 1 0 0 0 1 1 0 0 2 0 2 1 0 0
 1 0 2 1 0 1 2 1 0 2 0 0 0 0 0 2 2 2 1 1 1 1 0 0 2 1 0 1 0 0 1 1 0 0 0 0 1
 0 1 0 1 1 1 1 1 1 0 0 2 0 1 1 0 1 1 0 1 0 0 1 0 1 1 1 1 2 0 0 0 1 2 1 0 1
 1 1 0 1 1 0 0 1 1 1 1 0 0 0 0 0 2 1 1 1 1 1 1 1 1 0 2 2 0 1 0 0 0 2 0 0 1
 0 1 0 2 1 0 2 1 2 0 0 2 1 0 1 1 0 1 0 1 0 1 0 1 1 0 0 0 0 0 0 1 2 0 0 0 2
 1 2 0 0 1 0 2 0 0 1 0 2 1 1 1 1 2 1 1 1 1 0 2 1 1 0 1 0 2 1 2 1] 
.Accuracy: 0.5409740390420608.
--------------------------
Incorrect key: [0 2 0 1 0 0 1 0 0 0 0 0 2 0 2 1 0 1 0 1 2 0 0 1 0 1 1 1 0 2 0 1 0 0 0 0 0
 0 0 1 2 1 2 1 2 1 0 2 2 1 2 1 1 0 1 2 2 0 0 1 1 0 1 0 0 1 2 1 1 1 0 2 1 2
 0 1 1 1 2 0 1 1 0 0 2 2 0 0 1 0 0 2 0 0 1 1 2 0 1 2 1 1 0 1 1 2 0 0 2 1 0
 1 0 1 2 0 1 0 2 1 0 1 1 0 1 2 1 0 0 1 2 1 2 0 1 1 0 1 1 1 1 0 1 0 0 0 0 1
 1 0 0 1 2 0 2 0 1 2 0 1 2 1 1 0 0 0 1 0 1 2 1 0 0 0 0 2 2 1 1 0 0 2 0 0 1
 0 1 1 2 0 1 1 1 1 0 0 1 1 0 1 0 1 0 1 0 1 1 0 1 1 2 1 1 1 1 1 1 0 0 2 1 0
 0 0 0 2 1 0 1 0 0 1 1 1 0 1 1 0 0 0 1 0 0 1 0 0 1 2 1 0 2 1 0 1 1 1 0 0 1
 0 1 0 1 0 0 1 1 0 1 0 0 0 1 1 0 0 1 1 0 1 0 2 1 1 0 1 1 0 1 0 1] 
.Accuracy: 0.7571744817870799.
--------------------------
Incorrect key: [0 2 2 0 0 1 1 2 0 2 1 2 0 2 1 1 1 1 1 1 1 1 0 1 1 0 0 1 0 2 1 0 0 0 1 0 2
 0 1 1 1 1 0 0 0 2 1 0 1 2 1 0 1 1 0 2 1 0 1 1 1 0 1 1 1 1 0 0 1 1 1 1 0 2
 2 0 1 0 0 0 1 0 1 1 1 2 0 1 1 0 2 1 0 0 0 0 1 1 1 2 2 1 1 1 0 0 0 0 0 0 0
 1 1 1 1 1 1 0 1 1 1 0 1 0 0 0 1 0 0 1 1 0 0 0 0 0 0 0 1 0 0 2 0 0 1 1 1 1
 2 1 0 1 0 0 1 1 1 1 2 2 1 0 1 0 2 0 1 1 1 1 0 2 1 1 0 0 0 2 1 1 2 1 0 2 0
 0 1 1 2 0 0 0 2 1 1 1 0 2 1 1 2 0 0 0 2 1 0 1 0 1 2 0 0 1 0 1 0 0 1 2 0 0
 0 1 2 0 0 2 0 1 0 1 2 1 0 0 0 0 2 1 0 0 0 0 2 1 1 1 0 1 1 0 0 0 2 2 1 1 1
 2 0 0 2 1 1 0 1 0 0 1 0 0 1 0 2 0 1 1 0 2 0 0 1 1 0 1 1 1 0 0 0] 
.Accuracy: 0.29003823706983295.
--------------------------
Incorrect key: [0 1 0 2 0 1 1 1 1 0 0 0 0 0 0 2 1 2 1 2 1 1 1 0 1 0 1 1 0 1 1 1 0 1 0 1 0
 1 0 1 2 2 0 1 2 0 1 0 1 2 2 0 1 1 0 0 2 1 2 1 2 1 2 1 0 1 1 0 1 1 1 0 0 0
 2 0 1 0 1 1 1 1 1 0 0 1 1 1 1 1 0 0 0 2 1 2 0 0 0 1 1 1 1 1 1 0 2 0 1 1 1
 1 1 0 0 2 1 1 2 0 0 0 0 2 1 0 1 0 0 1 1 0 0 1 0 0 2 1 0 0 1 1 2 0 1 2 0 2
 0 2 2 0 0 0 1 1 0 0 2 1 1 0 1 0 0 1 1 0 0 0 1 1 1 0 1 1 1 0 0 1 0 0 0 1 1
 2 0 0 0 0 2 0 1 1 0 2 1 0 0 1 1 0 1 1 1 1 1 0 2 1 2 1 0 1 0 1 1 1 0 1 1 1
 0 1 0 0 1 2 1 0 1 1 0 0 0 0 0 1 1 1 0 0 0 2 2 2 1 0 0 0 0 1 0 0 0 0 0 1 0
 1 1 0 0 0 1 1 0 2 0 0 1 0 0 0 1 1 0 2 2 2 1 2 0 0 2 2 2 1 0 0 1] 
.Accuracy: 0.759146709599517.
--------------------------
Incorrect key: [1 0 0 2 1 1 0 0 1 0 0 1 0 2 0 1 0 1 1 0 0 0 2 1 0 0 1 0 2 1 0 0 0 1 1 1 1
 0 1 1 1 1 1 0 1 1 2 0 2 2 0 1 0 1 1 0 0 2 1 1 1 0 0 1 1 2 0 1 0 0 2 1 1 2
 0 1 2 2 0 2 0 1 1 2 0 1 2 0 2 1 1 0 0 0 1 1 2 1 1 1 1 2 1 0 0 1 0 1 2 0 0
 1 0 0 1 2 1 1 2 2 1 0 0 0 2 1 0 0 0 0 0 0 1 1 1 1 0 0 2 1 1 2 1 0 1 1 0 0
 2 1 0 0 0 2 0 0 1 1 0 1 0 1 1 1 1 1 0 0 1 1 0 0 0 0 2 0 0 1 2 0 1 0 1 2 1
 1 1 1 0 1 1 1 1 0 1 0 1 2 0 0 2 0 0 2 1 2 0 0 0 1 0 0 1 1 1 1 1 0 1 0 2 1
 0 1 0 0 0 1 2 1 0 0 0 2 2 1 0 1 1 1 0 0 1 0 1 1 1 2 0 1 0 0 1 1 1 0 0 0 1
 0 0 0 0 1 1 1 0 0 1 2 2 0 2 0 0 0 2 1 0 1 1 1 1 1 0 0 0 0 1 1 0] 
.Accuracy: 0.6047293217951298.
--------------------------
Incorrect key: [2 0 0 1 1 1 0 1 0 1 2 1 1 1 1 0 1 0 1 0 1 1 1 0 0 0 1 0 0 1 0 1 0 1 1 0 1
 1 0 1 1 0 0 1 0 1 0 2 0 1 1 1 1 0 1 0 1 0 2 0 1 2 1 2 2 1 0 1 0 0 0 1 1 0
 0 1 0 1 0 0 0 0 2 1 1 0 0 1 0 1 0 0 2 1 0 0 0 1 1 1 1 1 1 2 0 0 1 2 1 1 1
 1 0 0 2 1 0 0 1 1 0 1 0 0 0 0 0 2 2 0 1 1 2 1 1 1 1 0 0 1 0 2 2 1 0 1 0 2
 0 1 2 0 1 1 2 0 0 0 1 1 0 1 1 0 0 0 2 2 0 2 2 2 0 0 1 0 0 1 1 0 2 1 1 1 1
 0 1 1 0 1 1 0 1 1 2 0 2 0 1 1 2 2 1 0 0 2 0 0 2 2 0 1 0 1 1 0 0 0 1 1 2 2
 2 1 0 0 0 2 0 0 0 2 1 1 0 2 1 1 0 1 0 1 1 0 1 0 0 1 1 0 1 0 1 1 0 0 0 1 1
 0 1 1 0 1 2 1 1 0 0 2 1 0 0 1 1 0 1 0 0 1 0 0 0 1 2 1 0 2 0 0 2] 
.Accuracy: 0.6011269873213926.
--------------------------
Incorrect key: [0 0 1 0 2 1 2 0 0 0 1 2 1 0 1 2 0 1 0 1 0 0 2 1 0 0 2 1 1 0 0 1 1 1 1 1 0
 1 1 0 1 1 2 0 1 0 0 0 1 0 0 0 1 0 1 1 1 0 0 2 0 1 0 0 1 1 1 1 0 2 0 1 1 0
 0 1 1 0 1 1 0 1 1 2 1 1 1 0 0 2 2 0 1 0 0 0 0 1 2 0 0 0 0 0 1 0 1 0 0 0 2
 2 0 1 1 1 0 1 2 0 1 0 1 1 1 0 1 2 1 2 2 2 1 1 0 1 0 1 0 0 0 0 1 1 0 1 1 1
 1 2 2 1 2 1 1 2 0 2 1 0 2 1 1 1 1 2 1 1 1 1 0 0 1 0 0 0 1 1 2 0 1 1 1 1 1
 0 1 1 0 1 0 1 0 0 1 1 0 0 1 1 2 0 1 0 1 1 2 2 2 1 0 2 0 1 0 0 1 0 1 1 2 0
 0 0 1 1 0 1 1 2 0 0 0 1 0 2 0 0 0 0 1 1 1 1 2 0 1 2 0 1 1 1 0 0 1 1 0 0 0
 2 0 1 2 0 0 1 0 1 2 0 0 0 1 2 0 0 0 0 2 1 1 2 0 0 0 1 0 1 0 0 0] 
.Accuracy: 0.4484604548198833.
--------------------------
Incorrect key: [0 1 0 0 0 1 0 0 0 1 1 1 1 0 1 1 0 1 1 0 2 0 0 2 1 1 1 2 2 2 0 1 1 1 0 1 1
 0 0 1 2 0 0 2 0 1 2 0 0 0 0 1 0 2 1 1 1 0 0 0 0 2 1 0 2 0 1 1 2 0 1 0 1 1
 0 1 1 0 0 0 1 0 0 0 0 1 2 0 1 1 1 0 0 1 1 1 0 2 2 2 1 0 1 1 1 1 1 1 0 1 1
 0 0 1 1 1 1 0 0 0 2 0 1 2 0 1 0 2 0 1 1 1 1 1 1 2 1 0 0 2 0 2 1 0 1 0 0 1
 0 1 2 0 0 1 1 1 1 0 0 0 0 0 1 2 1 1 0 2 0 1 0 1 0 0 1 2 0 1 0 2 1 1 1 2 1
 0 0 0 1 0 1 1 0 0 0 1 1 1 0 0 2 1 0 2 0 1 1 1 1 0 2 0 0 0 0 1 1 0 0 1 2 0
 2 2 0 0 0 0 0 1 0 1 1 0 1 2 1 1 0 2 2 2 1 0 1 0 0 2 1 1 2 0 0 1 1 1 1 0 0
 1 0 1 1 1 0 1 0 1 0 0 2 2 2 0 0 0 0 1 0 1 2 1 1 0 1 1 1 1 0 1 0] 
.Accuracy: 0.6615013081102837.
--------------------------
Incorrect key: [1 0 0 1 0 1 1 1 0 1 1 1 0 1 0 0 1 2 2 0 0 1 1 1 1 0 1 0 1 0 1 0 1 1 2 1 0
 1 1 0 0 2 0 1 1 1 1 1 2 1 2 1 0 0 0 1 0 1 1 1 0 1 1 1 2 0 0 2 1 2 2 0 1 0
 0 0 2 0 0 0 0 1 1 1 1 1 0 0 0 1 1 2 1 1 2 0 1 0 0 0 0 1 1 0 1 0 1 0 1 2 0
 1 0 0 0 1 1 0 1 1 1 0 0 2 1 1 0 1 0 0 1 1 2 2 0 0 0 1 0 0 0 1 2 1 1 0 0 0
 0 0 0 1 0 0 1 0 0 0 0 0 2 1 0 0 2 1 1 1 2 1 1 1 1 1 2 2 1 0 2 0 1 1 0 1 1
 1 0 2 0 0 0 0 2 0 1 0 2 0 1 0 1 0 1 0 1 1 0 0 1 1 0 2 0 0 2 2 1 1 2 0 1 0
 2 2 0 1 2 1 0 0 0 0 0 1 0 1 0 1 1 1 1 2 0 1 0 1 2 1 1 1 1 1 2 0 0 1 0 0 0
 0 2 0 1 0 1 0 0 0 0 0 2 2 2 1 1 1 1 1 2 0 0 0 0 1 2 1 2 1 1 1 0] 
.Accuracy: 0.624250352183538.
--------------------------
Incorrect key: [1 1 0 1 0 0 1 1 1 1 0 1 1 1 2 0 1 1 1 1 1 1 2 1 0 2 0 1 1 1 0 0 1 0 1 0 2
 1 1 1 0 2 0 1 2 0 1 1 1 1 1 0 0 1 0 0 2 2 1 1 1 0 0 0 1 0 2 0 0 0 2 2 0 0
 0 2 2 2 1 0 1 0 0 0 0 0 1 0 0 0 1 1 0 1 2 1 1 1 1 0 1 0 1 0 2 1 1 1 1 1 2
 0 0 1 1 0 0 1 1 0 1 0 2 1 2 0 0 1 2 0 2 0 1 0 1 0 0 0 0 0 1 1 2 0 0 1 0 0
 1 1 2 1 1 1 1 1 1 0 1 0 0 1 0 0 2 1 1 0 2 1 0 0 0 1 1 1 0 1 2 0 0 2 0 2 2
 2 1 0 1 0 0 2 2 1 1 0 1 1 0 1 0 0 0 1 0 1 1 0 2 0 1 2 1 0 2 1 0 0 1 1 1 1
 2 1 0 1 0 0 1 0 1 1 1 0 0 1 2 1 0 0 1 1 0 0 1 0 1 0 1 0 2 0 0 0 0 0 0 2 1
 0 1 1 2 2 1 0 1 0 1 1 1 0 0 2 0 0 1 0 0 0 0 1 0 1 2 0 1 0 0 2 0] 
.Accuracy: 0.785168041859529.
--------------------------
Incorrect key: [0 0 1 0 2 2 0 0 0 0 0 1 0 1 0 1 1 1 2 1 2 0 1 1 2 0 0 1 0 0 1 1 1 0 1 1 0
 0 0 0 1 2 1 0 0 1 1 1 1 0 1 0 1 1 1 2 1 2 1 0 0 1 0 2 1 0 1 1 1 0 1 1 1 0
 2 0 0 0 1 2 1 0 0 1 0 1 1 1 0 1 0 0 1 1 1 1 2 1 1 0 1 1 0 0 1 2 0 1 1 0 0
 1 0 0 1 0 0 1 0 1 1 2 0 0 2 0 0 0 1 2 0 2 2 2 1 2 0 0 1 2 1 0 0 1 1 1 1 1
 1 0 2 1 0 1 0 1 0 0 1 2 2 1 1 1 1 1 0 2 0 0 0 0 0 0 2 1 2 1 1 1 1 1 0 0 1
 1 1 0 0 0 1 1 0 0 1 2 1 0 1 2 2 0 1 1 1 0 1 2 1 1 2 1 1 0 0 1 0 0 0 1 1 1
 1 1 1 1 0 0 0 1 1 0 2 2 0 0 0 0 0 0 2 0 1 0 1 0 0 1 1 0 2 0 0 1 0 0 0 1 0
 2 1 0 0 2 0 2 0 2 1 1 0 0 0 0 0 2 2 1 0 0 0 0 0 1 2 1 1 0 1 2 1] 
.Accuracy: 0.43193801569732343.
--------------------------
Incorrect key: [2 0 1 0 0 0 2 0 2 2 2 0 2 2 1 1 1 0 0 0 1 0 0 0 0 1 0 1 1 1 1 0 2 1 1 0 1
 1 1 1 1 0 1 0 1 2 1 1 2 0 1 1 0 1 1 1 1 0 1 1 2 1 0 1 1 1 0 0 0 1 0 0 1 1
 1 1 2 0 0 0 1 0 1 0 1 0 0 1 1 0 0 1 0 1 1 0 0 0 0 0 0 1 1 2 1 0 2 1 0 0 2
 1 0 2 1 0 1 0 0 0 1 2 0 1 1 0 1 0 0 1 1 1 0 0 0 0 1 0 1 1 1 0 1 1 1 0 2 0
 2 1 1 1 0 0 2 1 1 2 0 0 0 2 0 2 1 1 1 0 2 0 0 2 0 1 1 1 1 1 0 0 1 2 0 0 0
 0 1 0 0 1 0 2 0 1 1 1 0 0 1 2 1 1 0 2 0 1 1 1 0 1 2 1 1 1 0 0 1 1 1 2 0 1
 0 0 0 1 0 1 1 1 2 0 0 2 0 0 0 0 0 0 1 1 0 0 1 0 0 1 2 2 0 1 2 0 2 0 0 1 0
 0 1 1 2 1 0 0 1 1 2 1 0 1 2 1 2 0 2 0 1 1 1 0 0 0 0 1 2 1 2 0 1] 
.Accuracy: 0.32628295431676396.
--------------------------
Incorrect key: [0 2 1 0 1 1 2 1 1 1 0 0 1 1 0 0 2 1 1 0 1 1 1 0 2 0 1 0 0 0 2 1 1 1 0 2 1
 0 0 1 0 0 1 0 2 1 0 0 2 1 1 0 0 2 1 2 0 1 2 1 0 1 1 1 0 0 0 2 1 0 0 0 0 1
 0 0 1 0 2 1 1 0 0 2 1 0 2 0 0 1 0 2 2 1 0 1 1 1 1 0 0 2 1 2 1 1 0 1 1 0 1
 1 1 0 0 0 0 1 0 1 1 1 1 0 1 0 0 1 0 2 2 1 1 0 0 1 0 0 1 0 0 1 2 0 1 0 2 1
 0 1 1 1 0 0 2 1 1 1 0 0 1 0 0 1 1 1 1 0 2 1 0 2 1 1 0 0 0 2 0 0 0 1 1 2 0
 0 1 1 0 1 1 1 0 1 1 0 0 1 1 1 1 0 2 0 0 1 0 1 0 0 1 1 0 2 1 1 0 0 0 1 1 1
 0 1 0 0 0 0 1 0 0 2 0 0 1 0 1 1 0 0 0 0 2 0 2 1 1 2 0 0 1 2 1 1 1 2 0 1 1
 1 1 1 2 1 0 0 0 1 0 1 2 0 1 2 1 0 2 1 2 2 2 1 1 1 0 0 0 0 0 2 0] 
.Accuracy: 0.39092372710807005.
--------------------------

Incorrect key: [1 1 0 1 1 0 1 0 0 1 1 2 1 1 2 0 1 1 2 1 1 0 1 2 0 0 0 0 1 0 0 1 2 0 1 2 0
 1 0 1 1 1 1 2 1 0 0 1 0 0 0 0 0 1 0 2 0 0 2 0 0 1 1 1 0 0 1 1 1 2 0 1 1 0
 1 1 2 0 1 0 1 0 0 2 1 1 1 2 0 1 0 1 1 2 2 0 0 2 1 1 0 0 0 0 2 0 0 0 0 0 0
 1 1 2 1 2 1 2 2 1 0 0 1 1 1 1 0 1 1 0 0 1 0 1 0 0 0 1 0 1 1 0 2 0 0 2 1 1
 0 2 0 2 0 2 1 0 0 0 0 1 0 0 0 0 1 2 0 0 0 1 1 1 0 0 1 2 0 1 0 1 0 2 1 1 0
 1 1 2 0 0 1 1 0 0 0 2 0 0 2 0 1 0 1 1 1 1 0 2 0 2 1 1 1 1 0 1 0 0 1 0 0 0
 1 1 1 0 0 1 1 1 0 1 1 0 0 2 0 1 0 1 2 1 2 0 1 1 1 0 0 2 1 1 1 0 0 2 1 0 0
 0 1 2 1 0 2 1 1 1 2 0 0 1 1 1 0 0 2 1 2 0 1 1 1 0 1 1 0 1 1 1 0] 
.Accuracy: 0.5719661903803582.
--------------------------
Incorrect key: [0 1 0 0 0 2 0 2 1 1 0 1 2 0 0 1 1 0 1 1 0 1 1 1 0 0 2 2 2 0 0 2 1 1 1 1 2
 1 1 1 0 0 1 0 1 2 0 0 1 1 1 1 0 0 0 0 1 1 1 0 1 1 1 1 1 0 0 1 1 2 0 0 1 0
 2 1 1 0 0 1 0 1 0 1 0 0 2 2 2 0 0 0 2 0 0 0 1 0 1 0 0 1 1 0 2 0 0 0 0 0 1
 2 0 1 1 1 2 1 1 1 0 0 0 1 1 0 0 1 0 1 0 0 0 2 1 0 1 1 1 1 0 0 0 0 1 2 0 0
 0 2 0 1 1 1 1 2 1 2 2 0 0 1 0 2 1 1 1 2 1 1 2 2 1 0 1 1 0 1 0 2 0 0 1 0 2
 1 0 0 0 0 0 0 1 1 0 1 0 1 1 0 0 2 1 0 0 0 1 2 0 0 0 0 0 1 1 0 0 1 1 1 1 0
 1 0 0 0 2 0 1 1 1 1 0 0 0 2 0 1 0 2 1 1 2 1 2 0 1 2 1 0 2 1 1 1 1 0 0 1 1
 1 2 0 0 1 0 1 0 1 0 1 1 1 1 1 1 0 1 0 0 2 1 0 0 0 2 2 1 1 1 1 2] 
.Accuracy: 0.6679412356610989.
--------------------------
Incorrect key: [0 1 1 1 0 0 2 1 0 1 1 1 0 1 1 1 0 2 0 0 1 0 2 1 0 2 0 0 1 2 1 1 1 0 1 1 0
 2 2 1 2 2 2 0 1 0 1 0 0 1 1 1 0 1 1 2 0 1 0 0 0 1 0 0 0 1 0 1 1 1 1 2 2 1
 0 1 0 1 1 2 1 1 2 1 0 1 1 0 1 0 0 1 0 0 1 1 0 0 2 0 2 2 2 1 1 0 2 1 1 0 1
 1 2 2 1 1 2 1 1 0 0 1 0 0 0 0 2 1 1 0 2 1 0 0 0 1 0 0 1 1 1 1 0 1 0 1 0 0
 2 0 0 2 0 1 2 0 1 0 2 2 1 2 1 0 0 1 0 0 1 1 1 1 1 1 0 1 1 0 0 0 1 0 0 0 1
 0 1 1 0 0 1 1 2 0 2 0 1 1 1 1 0 0 0 0 1 0 1 1 1 0 0 1 0 1 0 1 0 1 0 1 1 0
 2 1 0 2 1 0 0 1 0 0 0 0 1 0 1 0 0 0 1 1 0 0 0 2 1 0 0 0 1 0 0 2 1 1 1 1 1
 1 1 1 0 0 0 1 0 1 0 2 2 2 2 0 0 0 0 0 1 2 0 0 2 2 0 0 1 0 1 1 1] 
.Accuracy: 0.4061380559468706.
--------------------------
Incorrect key: [0 0 2 1 1 0 0 0 1 1 0 0 2 0 1 1 1 1 1 1 2 1 1 0 1 0 0 1 1 0 1 1 1 2 1 1 0
 0 0 1 0 2 0 0 2 0 1 1 0 2 0 0 1 0 0 1 0 2 2 0 0 1 0 1 1 1 2 1 1 0 1 2 1 2
 2 1 1 0 1 1 0 1 1 2 1 0 0 0 0 1 1 0 0 0 1 2 0 1 2 1 0 0 0 1 1 1 1 0 2 2 1
 0 2 0 0 1 1 0 0 0 0 0 0 1 1 1 0 1 0 2 0 2 0 0 0 1 2 1 2 0 1 1 1 0 0 0 1 2
 0 0 1 0 0 1 1 0 2 0 0 1 0 0 0 1 2 1 1 1 2 1 0 1 0 1 2 1 1 0 1 0 0 1 0 0 2
 0 0 0 0 0 0 1 0 1 0 0 2 2 1 1 0 1 0 0 2 0 0 1 2 0 1 0 1 0 1 1 1 0 0 0 2 2
 1 1 0 0 2 1 0 1 1 1 2 1 1 2 1 0 1 2 0 1 1 0 1 0 1 0 2 2 1 0 1 1 0 1 0 0 0
 1 1 1 0 1 0 1 0 1 0 2 0 1 0 1 1 1 0 0 1 0 1 2 1 0 1 1 0 2 1 1 1] 
.Accuracy: 0.47319380156973234.
--------------------------
Incorrect key: [0 1 2 1 2 1 0 0 1 2 1 1 1 0 0 0 0 2 0 1 0 1 1 1 0 1 2 2 2 0 1 1 2 1 1 0 1
 1 0 0 1 1 0 1 2 0 0 2 1 1 0 1 1 1 0 1 0 0 1 1 0 2 0 0 0 0 0 2 1 0 1 0 0 0
 0 0 1 1 0 2 1 0 1 0 0 0 2 1 1 0 0 0 1 1 2 1 1 1 2 1 1 1 1 0 1 1 1 0 1 0 1
 1 1 0 0 0 0 1 2 0 0 0 0 0 1 0 2 1 1 1 0 1 0 1 0 2 0 0 1 0 1 2 1 1 0 1 0 0
 0 0 2 0 0 0 1 0 1 0 0 1 1 1 1 2 1 0 1 1 1 1 1 0 1 1 0 1 1 0 0 1 0 1 0 1 2
 1 2 0 1 1 0 0 2 2 1 0 1 1 2 0 0 2 0 0 1 1 1 0 1 0 0 0 1 0 0 1 0 0 2 2 0 1
 0 2 1 0 1 1 0 1 1 2 0 0 1 0 1 0 2 1 2 2 0 2 2 1 0 2 1 0 1 1 0 0 0 2 0 0 1
 2 2 0 2 0 1 0 0 1 1 1 0 0 1 0 2 1 0 0 1 1 1 1 1 0 2 1 1 0 0 1 0] 
.Accuracy: 0.7836586838398067.
--------------------------
Incorrect key: [0 1 0 1 0 1 0 0 1 1 1 1 0 1 0 1 1 1 1 0 2 0 0 2 1 0 1 0 1 0 0 0 1 1 1 2 1
 1 0 0 0 0 0 1 0 1 2 2 0 1 2 0 1 1 0 0 1 0 1 1 1 1 2 0 1 1 2 0 1 1 1 0 2 1
 0 2 1 1 0 2 0 0 1 1 1 1 0 0 2 1 1 1 1 0 0 0 2 0 2 1 1 0 0 1 2 0 0 1 1 1 0
 2 0 0 1 2 0 0 0 0 2 1 0 0 0 0 0 1 0 1 1 1 0 0 2 0 2 1 0 0 1 0 1 0 0 0 2 0
 0 1 2 2 1 1 0 1 2 1 0 0 0 1 1 0 1 1 0 2 1 1 0 0 0 1 0 0 1 1 1 1 0 1 2 1 0
 0 0 2 0 1 1 2 1 0 1 1 1 0 2 1 1 1 1 1 0 2 1 0 0 0 0 0 1 0 2 1 1 2 1 2 1 0
 1 1 0 1 1 0 2 1 1 1 1 0 1 2 2 1 1 1 0 1 0 0 0 2 0 1 2 2 0 0 1 0 2 0 0 1 0
 0 1 0 1 0 2 0 1 0 2 1 0 0 1 1 1 1 0 1 0 0 1 0 2 2 1 1 0 0 0 0 0] 
.Accuracy: 0.28557053733145504.
--------------------------
Incorrect key: [0 0 1 0 1 1 0 1 1 1 0 1 1 0 1 0 2 1 2 1 1 0 0 1 1 1 0 1 1 0 2 1 0 1 1 0 0
 1 0 0 0 0 1 0 2 0 1 0 0 0 2 2 1 1 1 0 2 1 0 0 0 1 0 0 2 1 0 1 1 0 0 0 0 1
 1 0 2 1 1 1 1 2 1 1 2 2 1 1 2 0 0 0 0 0 1 0 0 0 0 1 0 1 0 1 1 0 1 2 1 2 1
 0 2 1 0 1 0 1 1 2 0 0 0 0 1 0 1 1 2 1 0 1 1 0 1 0 2 0 1 1 0 1 1 1 0 1 2 2
 0 1 1 0 1 2 1 0 1 0 2 1 2 1 0 0 2 0 1 0 0 0 1 0 1 2 0 1 2 0 0 1 1 0 1 1 1
 0 0 1 2 0 0 2 0 0 0 0 0 0 2 1 1 1 2 2 0 2 1 1 0 1 1 1 1 1 2 0 1 0 1 2 1 0
 1 0 1 0 1 0 1 0 0 0 0 0 0 1 0 1 1 2 1 0 1 0 0 0 1 1 0 0 1 1 0 1 1 1 1 0 2
 2 0 1 0 2 2 0 0 2 1 0 2 0 0 1 1 1 1 0 1 1 2 0 1 0 2 1 0 0 0 0 1] 
.Accuracy: 0.6248138458442343.
--------------------------
Incorrect key: [0 1 0 2 1 2 0 1 0 2 2 1 2 0 0 1 2 0 2 0 1 0 1 1 0 1 0 2 2 0 0 0 0 1 0 1 0
 2 1 1 0 1 1 1 0 1 2 0 0 0 2 2 0 0 1 0 1 0 0 0 0 0 1 0 1 2 1 1 1 1 0 1 1 0
 1 1 0 1 0 0 0 0 1 1 0 0 0 0 1 1 0 2 0 0 2 0 2 1 2 0 0 2 1 2 1 1 0 1 0 0 0
 1 1 1 0 0 1 0 0 1 0 1 0 0 0 0 0 1 0 0 0 2 0 0 0 1 1 1 1 0 0 1 1 1 1 1 2 1
 0 0 2 1 1 2 2 1 1 2 1 1 0 1 1 0 2 0 1 1 0 0 2 1 0 0 1 1 0 1 0 1 1 1 1 1 1
 0 1 1 1 1 1 0 1 1 0 1 0 1 1 1 1 2 0 0 1 0 0 0 0 1 1 0 2 1 0 1 0 0 1 0 1 1
 1 1 2 0 1 1 2 1 2 1 1 0 2 0 1 0 2 0 1 0 0 0 0 2 2 2 0 2 0 0 2 1 1 1 1 0 0
 1 1 0 2 2 0 0 0 1 1 1 1 0 0 1 1 0 0 2 1 1 0 1 1 2 1 0 0 1 1 0 0] 
.Accuracy: 0.34157778224994967.
--------------------------
Incorrect key: [2 0 1 0 1 1 2 2 0 2 2 1 0 1 1 0 1 0 1 2 0 1 0 0 2 1 1 1 1 1 1 1 0 0 2 1 1
 1 2 0 0 0 2 2 1 2 0 1 1 2 1 2 0 0 0 1 1 1 1 1 1 1 0 0 1 1 1 1 0 1 1 2 0 1
 1 1 1 2 0 2 0 1 0 1 0 1 1 1 0 0 0 1 0 1 1 2 0 0 2 0 1 0 2 1 2 1 1 1 1 2 1
 0 0 0 1 1 0 0 1 1 0 2 0 0 1 1 0 0 0 0 0 2 0 0 0 1 1 0 0 1 0 0 1 1 0 2 2 1
 0 1 0 2 0 1 0 1 0 0 1 0 2 0 0 0 0 0 2 0 1 1 1 0 0 1 1 0 0 2 2 0 1 0 0 1 1
 1 2 0 2 0 1 0 0 1 1 1 0 0 1 0 1 2 0 2 0 2 0 0 1 0 1 0 1 1 0 2 1 0 0 2 1 0
 0 0 1 0 0 0 1 2 1 0 1 1 1 0 0 1 0 1 0 0 1 0 0 1 0 2 1 1 1 0 1 1 0 1 2 0 2
 1 1 0 1 0 1 1 1 0 0 1 1 1 0 1 0 0 0 1 1 1 0 0 2 0 0 1 0 0 1 2 1] 
.Accuracy: 0.47758100221372507.
--------------------------
Incorrect key: [2 1 0 0 2 0 0 0 0 1 1 1 0 2 1 1 0 1 1 1 1 0 1 0 1 0 0 2 0 1 0 1 0 2 0 1 0
 0 2 0 2 0 0 1 1 0 0 1 0 2 0 0 1 1 0 1 0 0 0 2 1 0 1 0 1 0 1 0 2 1 1 1 1 1
 0 0 1 1 0 0 0 0 1 2 1 0 1 0 1 0 2 1 1 2 0 1 2 1 1 0 1 1 0 2 1 1 1 0 0 1 0
 1 1 1 0 1 1 2 0 2 0 0 1 1 1 0 1 0 0 0 0 1 2 0 0 1 2 0 0 0 1 1 2 2 0 1 1 1
 0 0 0 0 0 1 0 1 1 2 1 0 0 1 1 1 1 0 0 2 1 1 1 0 1 1 0 1 0 0 1 1 0 1 1 1 0
 0 1 1 1 1 2 0 2 0 1 1 0 1 0 0 0 2 0 1 2 0 0 1 0 2 0 1 0 0 0 1 2 1 1 1 1 2
 1 1 2 0 0 2 0 0 1 1 0 1 2 0 0 0 1 0 0 2 0 2 2 1 1 1 1 0 1 0 0 0 2 0 0 1 1
 0 2 2 0 1 0 1 0 1 1 0 2 1 1 0 1 0 1 2 1 2 1 1 0 1 1 0 2 2 0 1 0] 
.Accuracy: 0.25904608573153554.
--------------------------
Incorrect key: [0 1 0 0 1 0 1 1 1 0 1 1 2 2 0 0 1 0 2 0 1 2 2 1 1 1 1 1 0 1 1 0 1 2 0 0 1
 1 0 0 1 0 0 1 1 1 1 2 0 1 2 1 0 1 2 1 2 0 0 0 0 2 2 0 0 1 0 1 0 1 2 0 0 2
 0 0 1 0 1 1 1 0 1 1 0 1 0 1 0 1 2 0 0 1 1 2 2 0 1 2 1 1 0 0 0 0 0 0 1 0 2
 0 1 0 0 1 2 0 1 1 0 0 1 2 1 1 1 2 0 2 0 0 0 1 0 0 1 2 0 1 0 0 2 1 0 1 0 1
 0 0 1 0 1 1 1 1 0 1 1 0 2 0 0 1 1 1 1 0 1 1 2 1 0 1 0 0 0 0 2 1 0 0 1 1 1
 2 2 0 0 1 1 1 0 0 1 0 0 1 0 0 0 0 1 0 1 0 0 1 1 0 2 0 1 1 0 1 0 1 1 1 2 0
 1 1 0 1 1 1 1 1 1 1 0 2 0 0 2 2 0 1 0 2 1 0 2 0 2 1 0 2 0 1 0 1 0 1 1 0 0
 0 0 0 1 1 2 0 0 1 2 2 0 1 1 0 1 1 1 2 1 1 0 1 1 1 0 1 0 0 2 0 0] 
.Accuracy: 0.7221976252767156.
--------------------------
Incorrect key: [2 0 1 0 1 2 0 0 1 2 0 1 0 0 2 1 1 1 1 1 1 0 0 0 1 0 1 0 1 1 1 1 1 1 0 0 1
 1 0 0 1 0 0 1 1 0 0 1 0 1 0 0 0 2 1 0 0 1 0 1 2 0 1 1 1 0 2 0 1 0 0 0 0 1
 2 1 2 2 1 0 1 1 1 1 1 1 0 0 2 0 0 1 2 1 2 2 2 1 0 1 1 2 2 1 0 0 1 1 1 1 0
 1 1 0 2 1 0 0 1 0 0 2 1 0 0 1 0 2 1 2 1 1 0 2 1 1 0 0 0 1 0 0 2 0 0 0 0 0
 0 0 0 1 1 0 1 0 0 1 1 0 1 1 1 2 0 1 1 0 1 1 2 0 0 1 1 0 0 1 1 0 1 0 2 1 0
 0 0 2 0 0 0 1 0 1 2 0 1 0 0 1 0 2 0 1 1 2 1 1 2 1 1 0 2 1 1 0 0 0 0 2 1 1
 2 2 0 1 0 0 0 0 1 2 0 0 1 2 1 2 1 0 1 1 0 0 0 0 2 0 0 1 1 1 0 1 1 1 1 0 2
 0 1 0 0 1 1 0 0 1 1 1 1 1 0 2 0 0 0 1 1 1 0 0 2 0 1 2 1 0 2 1 1] 
.Accuracy: 0.7758502716844435.
--------------------------
Incorrect key: [0 1 0 1 0 1 0 0 2 1 1 2 1 0 1 0 1 1 2 1 1 0 2 2 1 0 1 1 0 1 1 1 0 1 0 0 2
 1 1 0 0 2 0 0 1 0 0 1 1 2 1 1 0 0 0 1 1 0 2 0 1 1 0 1 0 0 0 1 1 2 0 1 0 0
 1 0 2 2 1 1 2 0 1 2 0 1 1 2 2 2 1 0 1 1 1 1 1 0 1 0 1 0 0 1 0 0 2 0 0 1 1
 0 1 2 1 1 1 0 2 0 1 1 1 1 1 0 1 0 1 1 1 1 1 1 1 2 2 0 1 0 1 1 0 2 0 0 1 0
 1 1 0 2 1 0 0 1 0 0 1 2 0 0 0 1 1 1 0 1 1 0 0 0 0 0 2 0 2 0 1 0 2 1 0 0 1
 2 0 0 1 2 2 2 0 0 0 1 2 0 0 0 0 0 0 0 0 1 1 1 1 1 0 0 1 0 0 2 0 0 0 1 0 0
 2 0 1 2 2 0 0 1 0 1 1 0 0 0 0 2 1 0 1 1 2 1 1 1 2 1 0 0 0 1 1 0 0 1 1 0 0
 1 0 1 1 1 2 0 0 1 1 1 1 1 2 1 2 0 0 1 0 1 1 0 0 1 0 0 2 0 1 0 1] 
.Accuracy: 0.6202656470114711.
--------------------------

Incorrect key: [2 1 1 0 1 0 1 0 0 0 2 1 1 2 0 1 0 1 2 1 1 0 1 0 1 1 1 0 0 0 0 0 0 1 0 0 1
 0 1 0 0 1 2 1 0 1 2 0 2 1 1 1 1 2 0 1 0 2 1 0 1 1 1 0 0 0 0 1 0 0 2 1 0 1
 1 1 2 0 1 0 0 0 0 0 1 0 1 1 1 2 2 0 1 1 1 1 1 2 1 1 0 0 1 2 1 1 0 0 1 1 2
 1 2 1 1 0 1 1 2 0 1 1 1 0 1 2 2 0 0 0 1 0 0 0 0 1 1 0 1 0 0 0 1 0 1 0 0 0
 1 2 1 0 2 2 0 2 0 2 2 0 0 0 0 0 1 1 1 1 0 2 2 2 0 1 0 0 0 0 1 0 1 2 0 0 1
 1 0 0 1 0 0 0 0 1 0 2 1 1 0 0 0 1 1 0 0 1 2 0 1 1 1 0 1 0 1 1 2 0 0 0 0 1
 0 1 0 1 1 1 1 1 0 1 1 1 1 0 1 0 1 1 1 0 1 1 1 1 1 0 1 1 0 0 2 1 0 1 2 0 2
 0 2 2 1 0 0 0 1 1 2 0 2 0 0 1 1 1 0 0 0 0 1 2 1 2 0 1 0 2 1 0 2] 
.Accuracy: 0.6920909639766553.
--------------------------
Incorrect key: [1 0 0 1 1 0 0 0 0 0 1 1 2 2 1 2 1 0 1 2 1 1 2 0 0 2 1 0 1 1 2 2 0 1 0 0 1
 1 1 0 1 1 0 2 1 0 1 0 0 0 1 1 1 0 0 2 1 1 0 1 1 0 2 0 0 1 0 0 1 1 1 0 0 1
 2 0 1 2 1 1 2 0 0 1 2 1 0 0 0 0 0 2 0 1 1 0 0 2 2 1 1 0 0 0 0 2 0 1 0 0 1
 1 1 0 1 1 1 1 0 2 0 0 2 0 0 0 1 0 0 1 0 1 1 0 0 1 1 1 2 0 1 1 1 0 0 0 0 2
 0 0 2 2 1 0 1 1 1 0 0 2 0 0 1 2 1 1 0 1 1 1 1 1 1 1 0 0 1 0 1 0 0 0 1 0 1
 0 1 0 0 1 1 1 1 1 1 0 1 1 0 1 0 1 1 1 1 0 0 2 1 1 0 1 2 0 0 0 0 0 1 1 2 1
 1 0 0 1 1 0 2 0 1 1 2 1 2 1 0 0 1 0 2 0 0 0 1 1 0 2 2 1 2 0 0 0 0 1 1 1 2
 1 0 2 1 0 1 0 0 1 2 1 0 0 2 1 0 1 0 2 2 0 1 0 0 1 0 0 1 2 0 1 1] 
.Accuracy: 0.8360837190581606.
--------------------------
Incorrect key: [1 0 1 0 0 1 1 0 1 0 0 1 1 2 0 1 2 0 0 1 1 1 0 2 0 0 2 1 2 2 0 0 0 0 0 0 2
 1 2 0 0 0 0 1 2 1 0 0 1 1 1 1 0 1 2 1 0 2 0 0 1 1 0 1 0 1 0 1 1 0 1 1 0 0
 0 0 1 0 1 1 1 0 0 0 1 0 1 0 0 2 2 1 0 1 1 1 0 0 0 1 1 0 0 2 0 0 0 1 1 1 1
 1 0 0 0 0 0 1 0 0 1 1 1 2 0 0 2 2 1 1 0 1 0 1 1 0 1 0 0 2 1 0 0 1 0 1 0 1
 2 1 1 2 2 1 1 1 1 0 1 1 0 1 2 0 1 1 0 1 0 1 1 1 2 1 2 1 0 0 0 1 1 0 0 1 1
 1 1 1 0 0 0 0 1 1 0 1 1 0 1 2 0 2 0 0 1 1 0 1 1 1 0 1 2 0 0 2 2 1 1 1 0 1
 0 0 0 2 1 0 2 1 0 1 1 1 1 0 0 0 2 1 1 0 1 2 0 2 1 0 1 0 2 0 2 1 2 0 0 2 0
 0 0 2 0 2 0 2 1 1 0 0 1 1 0 1 0 1 1 0 1 2 1 1 0 2 2 1 0 1 0 0 1] 
.Accuracy: 0.6542765143892131.
--------------------------
Incorrect key: [1 1 0 1 0 1 1 2 0 1 2 2 1 0 0 2 2 1 1 0 2 0 1 1 0 0 1 0 1 0 1 1 0 0 0 2 0
 0 0 0 0 0 2 0 1 0 0 0 1 0 1 1 0 1 0 1 2 0 0 1 0 0 1 0 1 1 0 1 1 1 1 0 0 0
 1 2 1 0 1 1 0 1 0 1 1 1 1 0 2 2 0 1 1 2 2 1 2 0 0 1 1 0 0 1 2 1 0 1 1 2 1
 0 1 2 0 0 1 2 0 2 1 1 1 1 1 1 0 0 1 1 0 0 0 1 0 0 0 1 0 0 0 1 0 1 1 2 1 0
 0 1 1 0 0 0 2 0 1 0 1 2 2 0 0 2 1 0 1 0 1 0 1 1 2 0 2 1 1 2 0 2 0 0 1 0 0
 0 1 1 1 1 0 0 2 1 0 0 0 0 0 2 1 1 1 1 2 1 1 2 0 1 0 1 1 2 0 1 1 1 1 2 1 2
 0 1 1 1 1 0 1 2 2 0 1 0 0 1 2 1 0 0 1 1 1 0 1 1 0 1 2 1 1 0 0 1 1 0 1 0 0
 0 2 1 0 0 0 0 2 0 0 0 0 1 0 0 0 1 1 1 2 0 0 2 1 0 1 0 1 1 0 1 0] 
.Accuracy: 0.5533306500301871.
--------------------------
Incorrect key: [0 1 1 0 0 2 1 1 0 0 1 1 1 2 0 1 0 2 1 0 0 0 0 0 1 0 0 1 1 0 2 1 0 0 1 2 1
 1 1 2 1 0 1 0 1 1 0 2 1 0 0 1 1 1 1 0 1 1 0 0 2 1 1 0 0 0 1 0 0 1 1 2 0 1
 1 0 0 1 1 0 1 1 0 0 0 1 1 0 1 1 1 0 0 1 1 0 1 1 0 1 1 0 0 1 1 1 1 1 0 1 1
 0 0 1 0 0 2 1 0 1 1 1 0 0 2 0 2 1 0 0 1 1 1 2 0 0 0 2 0 0 1 2 0 1 1 0 0 2
 1 0 2 0 1 1 0 1 0 0 1 1 0 2 1 1 0 0 1 0 1 0 2 1 1 0 0 1 1 1 0 0 0 1 1 1 1
 1 1 1 2 0 1 1 0 0 0 1 0 0 1 2 2 0 1 2 0 0 2 0 2 0 0 0 1 2 2 0 0 1 1 2 2 1
 1 0 1 0 0 0 0 1 0 1 0 1 2 1 2 0 2 2 0 0 0 0 2 2 1 0 0 0 1 0 1 2 1 1 2 0 1
 0 1 2 0 2 1 1 2 1 0 1 1 0 0 1 1 0 1 0 1 0 2 0 0 2 1 0 2 1 0 2 0] 
.Accuracy: 0.5743409136647213.
--------------------------
Incorrect key: [1 2 0 2 0 0 2 1 1 1 0 2 1 1 0 1 1 1 0 0 2 0 1 0 0 2 2 2 0 0 0 0 2 0 0 0 2
 1 0 1 2 0 1 2 0 0 1 1 2 0 0 1 1 0 1 1 1 2 0 0 0 1 1 1 2 1 1 0 1 1 1 2 1 0
 2 0 0 1 1 1 1 2 1 0 0 1 1 2 0 0 1 1 1 1 2 0 1 0 1 1 0 0 1 1 1 1 1 2 0 1 1
 0 1 1 0 1 1 0 0 1 1 1 1 2 0 2 1 2 1 2 1 0 1 1 0 0 1 0 1 0 1 1 0 1 2 0 0 2
 0 0 2 0 1 0 0 1 0 1 0 0 0 0 0 1 2 1 2 0 2 0 1 1 1 1 0 1 0 0 0 1 0 2 0 1 0
 0 0 0 1 1 1 0 0 0 1 1 0 2 1 0 0 1 1 0 1 0 1 0 0 1 0 1 2 1 0 2 1 0 0 0 0 0
 0 1 0 0 1 0 1 1 0 0 1 0 1 1 2 0 0 1 1 1 0 1 1 0 2 0 1 1 0 1 0 0 1 0 0 1 0
 2 0 0 0 0 1 1 2 0 1 2 0 1 2 1 2 0 0 0 1 2 1 1 1 0 0 1 1 2 0 1 1] 
.Accuracy: 0.6940028174683035.
--------------------------
Incorrect key: [2 0 1 1 1 1 1 0 0 2 0 2 2 1 1 1 1 0 0 1 1 0 1 1 1 1 0 1 1 1 2 1 1 0 1 0 1
 1 1 0 1 1 0 1 1 1 1 1 0 0 1 1 0 0 1 1 2 0 1 1 1 0 1 1 1 0 1 0 2 0 0 1 1 1
 0 1 0 2 1 1 0 2 1 1 0 0 1 0 0 1 0 0 0 1 0 0 0 1 0 2 1 0 0 2 0 0 0 0 1 0 0
 2 1 2 2 0 1 1 1 0 0 2 0 2 0 1 0 2 0 0 1 0 0 1 2 0 0 1 1 0 0 0 0 2 1 1 2 1
 2 1 1 0 0 2 1 1 0 0 1 0 0 0 2 1 1 1 0 1 0 0 0 0 2 2 2 1 0 1 0 1 1 1 1 0 2
 0 2 0 0 0 1 2 0 1 2 0 0 0 0 0 1 0 1 1 2 0 1 1 2 1 2 0 1 2 0 1 2 2 0 1 0 2
 1 0 0 1 0 0 1 1 1 0 1 0 1 0 1 0 1 0 2 0 1 0 1 1 1 2 2 0 0 0 1 0 1 0 0 1 2
 0 0 0 1 0 1 2 1 0 0 0 0 1 1 0 1 2 0 0 1 0 1 0 0 1 1 1 1 2 1 1 0] 
.Accuracy: 0.38144495874421414.
--------------------------
Incorrect key: [1 1 2 0 2 0 0 0 1 1 0 0 0 1 0 0 0 1 1 1 1 0 0 2 1 2 0 1 1 1 1 0 0 1 2 1 0
 0 0 2 0 0 1 1 2 0 0 2 1 0 1 0 1 0 1 1 2 1 0 0 0 2 0 0 1 0 1 0 1 2 0 2 0 1
 1 1 0 1 1 1 0 2 0 2 1 1 1 1 0 1 0 0 0 0 1 1 0 2 0 1 1 0 0 0 1 0 2 2 2 0 1
 0 1 0 2 1 0 1 0 1 1 0 2 1 1 0 1 0 1 0 1 1 1 0 1 1 1 2 1 0 0 1 1 1 0 1 0 0
 1 0 1 1 0 1 0 0 0 2 0 1 0 2 1 1 2 1 0 1 0 2 2 1 0 0 0 2 0 1 1 0 1 0 1 2 0
 1 0 0 0 1 1 1 0 1 0 1 2 0 1 1 1 0 1 1 1 1 0 2 0 0 2 0 0 0 2 1 1 2 1 1 0 0
 0 0 0 0 1 0 1 0 1 0 1 0 1 1 0 0 1 0 0 1 1 1 1 1 0 0 1 1 2 1 2 1 2 1 1 1 2
 0 0 1 0 2 0 2 1 1 0 0 0 2 0 2 0 2 0 1 1 0 1 2 0 0 1 2 0 1 1 1 0] 
.Accuracy: 0.7226604950694304.
--------------------------
Incorrect key: [0 0 0 1 0 1 0 2 1 2 2 1 1 1 0 1 1 1 0 1 1 1 0 1 0 1 2 1 1 1 1 1 1 1 1 0 1
 2 0 0 1 0 0 0 1 1 1 2 1 0 2 1 0 2 2 1 0 0 0 0 0 1 1 2 0 0 2 1 0 1 1 0 1 0
 0 0 0 1 2 1 0 1 2 0 0 0 1 1 0 0 0 1 0 0 1 0 1 1 1 0 2 0 2 0 0 0 0 1 2 0 1
 1 2 2 0 0 0 2 0 1 1 0 1 0 1 1 0 0 1 0 1 2 1 0 0 1 0 0 0 1 1 1 0 2 2 1 0 1
 1 1 1 1 2 0 2 0 1 0 0 0 0 2 0 1 1 0 1 0 0 1 1 1 0 1 1 1 1 0 2 0 0 1 1 1 2
 1 0 2 1 1 0 0 2 0 1 1 2 1 0 0 0 0 0 1 2 0 0 2 2 1 0 2 2 1 1 0 0 0 1 0 1 1
 1 1 2 1 0 0 0 0 0 0 1 1 0 1 1 0 1 1 0 1 1 2 0 2 0 1 0 1 1 1 1 0 1 0 0 1 1
 0 2 1 1 0 1 0 0 0 1 2 2 0 0 0 0 2 1 2 1 1 1 1 0 0 2 1 0 0 0 0 1] 
.Accuracy: 0.5024954719259408.
--------------------------
Incorrect key: [1 2 2 1 2 0 0 1 1 2 0 1 1 1 1 1 0 1 1 1 2 1 0 0 1 0 0 1 0 0 1 2 0 0 1 2 1
 1 1 1 2 1 1 1 0 1 2 1 0 2 1 0 1 0 0 1 1 1 1 1 0 0 0 0 1 0 1 2 0 1 1 0 0 1
 1 0 0 2 1 0 0 1 1 1 0 2 0 0 1 1 0 0 1 1 1 1 0 1 1 1 0 0 0 1 1 0 0 1 1 0 0
 0 0 0 0 0 1 0 2 0 1 1 1 1 2 2 0 0 0 1 1 0 1 1 2 0 1 1 2 0 1 1 0 1 1 1 2 0
 2 1 1 0 1 2 1 1 0 2 1 1 0 2 1 1 0 2 1 0 0 0 1 0 1 0 0 1 0 2 1 0 1 0 0 0 0
 0 2 0 1 0 1 2 0 2 0 1 1 0 0 0 0 0 0 0 2 0 1 0 1 0 2 0 0 0 1 0 0 1 0 0 2 2
 0 1 2 2 0 0 1 1 0 1 1 1 1 0 2 1 1 2 0 1 1 0 0 2 0 0 2 0 0 0 2 1 2 0 0 1 1
 0 0 1 1 2 1 1 1 0 1 1 0 0 0 2 0 1 0 1 0 1 0 1 0 0 1 1 1 2 0 2 1] 
.Accuracy: 0.42759106460052326.
--------------------------
Incorrect key: [1 0 1 0 1 1 1 1 0 1 0 1 0 1 2 0 0 0 0 0 1 0 2 0 1 1 1 0 0 1 0 1 2 0 2 0 0
 2 1 0 1 0 0 0 0 2 0 0 0 1 0 2 0 0 0 1 2 0 0 2 1 1 1 1 1 1 0 0 1 2 1 0 1 1
 2 1 0 1 1 1 2 2 0 0 0 0 2 1 1 1 1 0 1 0 1 1 1 2 1 0 1 0 1 1 1 0 1 2 0 0 0
 0 1 1 1 2 1 1 2 1 1 1 1 1 1 1 1 1 0 0 1 1 2 0 0 1 2 0 0 1 1 0 0 1 0 0 0 0
 1 0 2 0 1 2 1 0 1 2 0 1 0 1 1 0 0 0 0 2 1 1 0 0 0 1 0 1 0 0 0 1 2 1 1 0 1
 0 0 1 1 0 0 2 0 2 2 1 0 0 1 0 1 0 0 1 2 2 0 1 1 0 1 0 0 0 1 0 0 0 0 1 1 1
 0 1 1 0 1 0 1 2 0 2 2 0 0 2 1 0 0 1 1 0 1 1 1 1 2 2 0 1 1 1 1 0 1 1 0 0 0
 2 1 0 1 0 1 0 0 2 1 2 1 0 0 2 2 1 1 0 0 0 0 2 1 1 1 0 2 2 1 0 1] 
.Accuracy: 0.6212517609176896.
--------------------------
Incorrect key: [1 0 2 1 0 1 0 1 2 1 1 0 1 1 2 2 0 1 1 1 0 1 2 0 1 1 1 0 1 1 2 0 1 2 1 2 1
 0 0 0 0 1 2 1 0 1 0 0 2 0 0 0 0 0 0 0 0 1 1 0 1 1 0 2 1 2 0 1 1 0 1 2 0 0
 1 1 0 1 2 1 0 0 0 2 1 2 0 1 0 0 1 1 0 1 1 0 1 1 0 1 0 0 1 1 1 1 1 2 0 0 0
 0 0 1 0 1 0 1 1 1 0 1 1 1 1 1 0 0 1 1 1 0 0 1 1 1 1 2 2 0 1 0 1 0 2 0 0 2
 2 0 1 1 2 1 1 0 1 0 0 0 0 0 1 1 0 1 2 1 1 1 1 1 1 0 0 1 0 1 1 0 1 1 1 0 1
 2 2 2 0 0 1 1 0 0 0 1 1 1 0 2 2 1 2 0 0 0 0 1 2 1 2 1 0 0 0 1 1 1 0 1 1 1
 1 2 0 1 0 1 0 2 1 2 0 0 0 2 0 2 2 1 2 0 1 1 2 1 0 0 1 0 0 2 0 1 2 1 1 1 0
 1 0 2 1 1 0 0 0 0 0 0 0 0 0 0 1 0 0 1 1 0 0 0 0 0 0 0 0 0 1 0 2] 
.Accuracy: 0.7674582410947877.
--------------------------
Incorrect key: [0 0 0 0 2 1 2 1 0 2 2 0 1 0 1 1 2 0 0 2 1 0 2 1 1 0 1 1 1 0 1 1 0 1 1 1 1
 2 0 1 1 1 1 1 0 1 2 0 1 1 0 0 1 1 1 0 1 0 2 1 1 2 1 0 1 1 0 0 0 0 1 0 1 1
 0 1 1 2 0 1 0 0 1 0 0 0 0 0 0 2 0 2 1 0 0 0 1 2 0 0 1 0 1 1 1 1 1 0 1 0 1
 1 1 0 0 0 0 0 0 0 2 1 1 2 1 2 0 1 2 1 0 1 1 1 0 1 0 1 0 2 0 0 0 1 1 1 1 0
 1 1 1 0 1 1 0 0 0 0 1 1 0 0 2 0 1 1 2 0 0 0 0 0 0 2 0 2 1 1 2 0 0 1 2 1 0
 1 2 1 0 0 1 0 0 1 0 1 0 0 1 2 1 1 0 2 1 0 2 0 0 0 0 1 0 0 0 2 2 1 1 0 2 1
 1 0 1 0 2 1 1 1 0 0 0 1 0 1 2 0 1 0 1 1 1 0 2 0 0 0 2 1 2 2 1 2 1 0 0 1 0
 1 0 2 1 1 0 0 1 1 2 1 0 0 0 0 1 1 0 2 1 1 0 1 1 1 2 1 0 1 1 0 0] 
.Accuracy: 0.453994767558865.
--------------------------

Incorrect key: [1 0 0 1 0 0 1 2 0 1 1 0 1 1 2 1 0 1 1 1 2 0 0 2 0 0 0 1 0 0 1 2 0 0 2 1 1
 1 0 2 0 1 1 1 2 0 0 1 1 0 1 0 1 0 1 1 1 0 1 2 1 0 1 2 2 0 1 1 0 0 1 0 0 0
 0 0 0 2 2 1 0 1 0 0 0 0 2 0 0 1 0 0 1 1 0 2 1 1 1 1 0 1 0 1 0 0 1 1 1 0 0
 0 1 1 1 0 0 0 0 0 2 1 0 1 1 0 0 0 2 1 0 1 2 2 0 1 0 0 0 2 1 1 0 1 2 1 1 0
 2 2 1 0 1 0 1 0 1 1 1 1 1 2 0 0 1 0 2 2 0 1 1 0 2 0 1 0 2 1 0 0 0 2 1 2 2
 2 1 1 1 0 0 0 1 1 1 1 1 0 1 0 0 2 0 0 2 0 1 1 2 1 0 2 1 1 0 0 0 0 1 1 1 1
 1 0 0 0 0 1 0 0 1 0 0 1 1 0 1 1 1 0 2 1 0 0 0 1 1 1 2 1 0 0 0 1 0 0 1 1 0
 0 1 1 0 2 1 1 1 2 0 0 2 1 0 1 2 0 0 0 1 1 2 0 1 0 2 1 1 1 1 1 1] 
.Accuracy: 0.514228214932582.
--------------------------
Incorrect key: [1 1 1 0 2 0 1 1 1 0 1 0 1 0 1 2 0 0 1 1 1 0 0 0 2 0 1 2 0 0 0 1 1 0 0 0 1
 1 1 2 1 0 0 1 1 0 0 0 0 0 2 0 1 1 1 0 1 0 1 1 1 0 1 1 0 2 0 1 0 1 0 0 1 1
 0 0 1 0 0 1 2 0 1 1 1 1 1 0 0 1 0 1 0 1 0 1 1 0 2 0 0 0 0 1 2 1 1 0 1 0 2
 1 0 0 2 2 0 1 1 1 0 1 0 2 0 1 1 1 1 0 0 1 0 2 2 1 0 0 0 0 2 2 1 0 0 1 0 1
 0 0 2 1 0 2 2 0 2 0 0 1 0 0 2 0 1 0 0 1 1 1 0 0 1 0 1 0 0 1 0 1 1 0 0 1 1
 0 1 0 0 1 1 0 2 0 1 0 0 1 2 0 2 0 2 2 2 1 2 0 1 0 2 1 1 0 2 2 1 1 1 0 1 0
 1 1 2 2 0 0 0 0 1 1 0 0 0 0 2 1 0 0 1 0 2 2 0 0 2 1 1 1 1 2 0 1 0 0 1 1 1
 0 1 1 2 0 1 1 1 1 1 1 1 0 1 0 1 1 1 0 2 1 2 1 1 0 1 2 0 1 1 1 0] 
.Accuracy: 0.8337693700945864.
--------------------------
Incorrect key: [2 0 2 1 0 2 1 0 0 2 1 1 1 0 2 2 1 0 0 1 2 1 0 0 1 1 0 1 0 1 0 0 1 1 1 0 2
 0 1 0 1 0 1 1 1 0 1 0 0 1 0 1 1 2 1 1 2 0 1 1 1 2 0 2 1 0 0 1 1 1 0 1 1 0
 2 1 0 0 1 0 1 1 0 1 0 0 1 1 2 0 2 1 0 1 0 0 1 1 1 1 1 0 0 1 0 0 1 0 0 1 0
 2 0 0 0 2 0 1 1 1 1 2 0 0 0 0 1 1 2 1 0 0 1 0 0 0 0 1 1 0 0 1 1 2 1 0 1 1
 0 1 1 1 0 1 0 1 0 0 1 0 2 2 0 1 1 1 0 2 2 0 1 0 2 1 0 0 1 1 1 0 0 0 1 0 0
 0 0 1 0 0 0 0 1 1 0 1 2 1 2 2 0 1 0 1 1 1 2 1 0 1 0 0 0 1 1 1 2 2 1 0 0 1
 0 0 1 2 1 1 0 0 2 0 1 0 1 0 0 0 1 0 2 1 0 1 0 0 2 2 2 1 1 0 1 0 0 1 1 2 1
 1 0 0 1 1 0 0 2 2 0 0 2 0 0 2 1 0 1 0 1 1 1 0 0 0 0 1 2 1 2 1 1] 
.Accuracy: 0.47321392634332865.
--------------------------
Incorrect key: [0 1 1 1 0 0 1 0 2 0 0 1 0 1 0 0 0 2 0 1 0 0 0 1 1 0 1 2 0 1 0 1 2 2 2 1 0
 0 2 1 2 1 0 0 1 1 1 2 2 1 0 0 2 2 1 0 0 0 0 0 0 0 1 1 1 1 1 2 1 1 1 1 1 0
 1 0 2 2 0 0 2 0 1 2 1 0 1 0 0 1 0 1 0 0 1 0 2 1 1 1 0 1 1 0 1 1 0 2 1 1 0
 0 1 1 0 0 0 2 0 2 0 1 2 0 1 2 1 0 0 0 0 0 1 1 1 0 1 1 2 0 1 1 1 1 1 2 2 1
 0 1 0 0 0 0 0 0 1 0 1 1 0 1 1 0 0 1 0 0 0 2 1 1 0 1 1 1 1 1 0 1 0 1 0 0 0
 1 0 0 1 0 1 0 0 2 1 0 0 0 2 0 1 0 1 0 0 0 1 0 1 0 0 1 0 1 0 0 2 1 1 1 0 0
 1 2 2 1 2 2 1 2 2 0 1 1 0 0 0 1 2 1 2 1 1 1 0 0 0 2 0 1 1 1 1 0 1 0 1 1 2
 0 2 2 0 1 0 1 2 0 1 1 1 0 0 0 1 0 2 1 0 1 1 1 0 1 1 1 0 1 0 1 1] 
.Accuracy: 0.5536123968605353.
--------------------------
Incorrect key: [2 0 0 1 0 0 1 0 1 1 1 0 1 0 0 0 2 1 1 1 0 0 2 1 0 0 0 1 1 0 0 2 1 0 1 0 2
 2 1 1 1 1 1 0 1 1 1 1 0 0 0 1 1 1 1 0 0 0 0 0 2 0 1 1 0 1 2 1 0 2 1 1 2 1
 1 2 0 2 0 1 0 1 2 0 0 0 1 1 1 0 1 1 0 2 0 2 2 1 0 0 1 0 1 0 1 1 1 0 1 2 1
 1 0 1 2 1 0 0 1 0 0 0 0 2 1 1 1 1 0 0 1 1 1 2 1 1 2 1 2 0 1 1 1 2 1 1 1 2
 0 0 1 1 2 0 1 0 1 0 2 0 0 2 2 1 1 1 0 1 1 1 0 0 1 1 0 2 0 2 2 0 1 0 0 1 1
 1 1 1 0 0 0 0 1 1 2 2 1 1 0 0 0 0 1 0 1 0 0 1 1 0 0 2 2 0 1 1 1 1 2 1 0 2
 0 0 1 0 1 2 0 0 0 1 1 1 0 1 0 0 0 0 1 1 1 0 1 0 1 1 0 2 0 0 0 2 0 0 2 0 0
 0 0 0 1 2 1 1 1 2 0 1 0 1 0 0 1 0 0 1 2 0 0 1 0 0 0 0 0 0 1 0 1] 
.Accuracy: 0.5321593882068827.
--------------------------
Incorrect key: [1 1 0 2 0 0 0 1 1 0 2 0 1 0 2 0 0 1 2 1 1 1 1 2 1 1 0 0 1 1 1 1 1 1 1 1 2
 1 1 0 0 2 0 2 0 1 2 0 1 0 1 0 0 1 0 1 1 0 0 0 1 2 1 2 0 1 1 0 0 0 0 1 1 2
 0 0 1 0 0 0 0 0 0 2 0 1 2 1 1 2 2 0 1 0 1 0 1 2 0 0 0 0 1 2 1 0 1 1 1 0 1
 1 1 1 2 1 1 2 0 2 1 1 0 0 1 1 0 1 0 0 2 0 0 2 1 0 0 0 0 1 0 0 2 0 0 1 0 1
 0 0 0 0 0 0 1 0 0 1 1 0 1 0 1 1 1 0 2 0 1 1 0 1 0 0 1 1 1 0 0 0 2 0 0 2 0
 1 1 0 2 1 1 0 0 0 1 1 2 0 1 2 1 1 1 0 1 1 0 0 2 0 1 2 0 1 1 1 1 2 0 1 1 1
 0 1 0 0 2 1 1 0 0 0 1 0 0 2 1 0 1 2 1 0 0 0 0 1 2 1 2 1 0 1 2 0 0 0 1 0 0
 1 1 0 0 0 1 1 1 1 1 1 1 2 1 1 2 2 2 1 1 1 1 0 1 0 1 0 1 0 2 0 0] 
.Accuracy: 0.6668544978868988.
--------------------------
Incorrect key: [1 2 0 0 2 1 0 1 0 0 1 1 1 0 0 1 1 1 2 0 1 0 0 1 0 0 1 1 1 0 0 1 0 2 0 0 1
 2 0 1 1 1 2 2 0 1 1 0 0 1 0 1 0 0 0 0 1 1 0 1 0 1 0 0 1 1 0 0 0 1 2 0 2 2
 2 1 0 1 1 0 1 0 1 0 1 1 0 1 1 0 1 0 0 1 1 0 2 1 2 0 1 0 1 1 0 1 1 0 0 0 0
 1 1 2 0 1 1 1 1 0 0 0 2 0 0 2 0 1 0 1 1 0 0 0 1 0 0 1 1 0 0 1 1 0 1 1 0 2
 1 0 1 1 1 0 0 0 1 1 1 0 2 1 2 0 1 1 1 2 0 1 0 0 2 0 2 1 1 2 2 1 0 0 2 1 0
 0 0 2 1 1 2 2 1 1 1 2 1 0 1 2 0 2 1 1 0 0 2 1 2 0 0 1 1 0 0 1 0 2 0 1 0 0
 1 0 0 2 0 0 1 1 0 0 1 1 0 0 0 0 0 1 0 1 1 1 0 2 2 2 2 2 1 1 1 2 2 0 1 0 0
 1 1 0 1 1 0 1 0 0 0 1 2 1 1 0 1 0 0 0 1 2 0 0 1 1 0 1 0 1 1 1 1] 
.Accuracy: 0.6984906419802778.
--------------------------
Incorrect key: [0 1 0 0 1 1 1 0 0 0 1 2 1 0 0 0 1 0 0 0 2 1 2 1 2 0 0 0 1 1 1 2 1 1 0 1 2
 2 0 1 0 1 2 1 2 1 1 0 1 1 0 2 0 1 0 0 2 0 0 0 2 1 1 0 0 1 0 1 0 0 1 1 0 0
 0 1 1 1 0 1 1 2 0 0 1 1 1 2 1 1 1 0 0 1 0 1 1 0 1 1 1 1 2 2 1 1 1 1 1 0 1
 0 1 0 0 1 1 0 2 0 0 0 1 2 0 2 1 0 0 1 0 1 0 2 2 1 0 2 0 0 1 1 2 1 1 1 0 2
 0 1 1 0 0 2 1 1 1 0 0 1 0 1 0 0 1 0 0 1 0 1 0 0 0 0 1 0 0 0 0 2 1 1 0 2 0
 0 0 1 1 0 1 1 1 0 1 0 2 1 1 0 0 0 0 2 0 0 1 0 1 0 0 0 1 0 1 1 1 1 1 0 1 0
 0 0 0 0 1 1 0 2 1 0 0 1 2 2 2 2 1 0 2 1 1 2 1 0 2 1 1 1 1 2 1 0 0 0 1 1 0
 0 0 1 1 2 0 1 1 1 2 1 1 0 0 0 0 1 0 1 0 1 0 0 1 0 2 2 2 1 0 2 1] 
.Accuracy: 0.7747836586838398.
--------------------------
Incorrect key: [0 1 0 1 2 1 1 0 1 0 0 1 0 2 0 1 2 0 1 1 1 1 1 2 1 2 0 0 1 0 1 2 2 0 0 1 0
 1 2 1 0 1 0 2 1 1 1 1 0 2 0 0 2 0 1 0 1 2 0 1 1 2 1 0 1 1 0 1 1 1 0 0 1 0
 0 0 1 1 0 0 0 0 2 1 1 0 0 1 0 1 0 2 0 2 0 1 2 1 0 1 0 2 0 0 1 1 0 1 1 0 0
 1 0 0 2 0 0 2 1 1 1 1 1 1 1 1 0 0 1 2 1 1 0 0 0 1 2 0 0 1 1 2 1 1 2 2 1 0
 0 0 0 1 0 2 0 1 1 2 0 1 0 0 0 0 0 1 2 0 1 0 2 0 0 1 0 1 1 1 0 0 1 2 1 2 1
 1 2 0 2 2 0 1 1 1 1 2 1 2 0 1 2 1 0 0 1 0 0 1 0 0 1 1 1 1 0 0 1 1 1 0 1 0
 0 0 0 1 0 1 0 0 1 0 2 1 1 0 0 1 0 2 1 2 0 1 0 2 1 1 0 0 0 2 0 0 1 1 1 0 1
 1 1 0 0 0 1 1 0 2 0 1 1 0 1 1 0 1 1 2 1 0 0 0 1 1 0 0 0 1 0 0 0] 
.Accuracy: 0.4749647816462065.
--------------------------
Incorrect key: [1 0 0 2 1 0 1 0 2 1 1 0 1 0 1 2 1 0 0 0 0 2 1 1 0 1 2 0 1 0 0 1 2 0 0 0 0
 0 1 2 0 0 1 0 0 1 1 0 1 2 1 0 0 2 2 0 2 1 1 1 1 1 1 0 0 2 0 0 1 0 0 1 1 0
 2 0 1 1 1 0 2 0 1 0 1 0 0 1 1 0 0 1 0 0 2 2 1 1 0 0 1 0 1 0 1 1 2 2 1 2 0
 0 0 1 0 0 0 1 1 1 2 2 0 1 0 0 0 0 0 2 0 0 1 1 0 1 0 0 0 0 1 1 1 1 1 2 0 0
 1 1 0 1 0 2 1 1 1 0 1 0 1 0 1 1 2 1 0 1 2 2 1 1 0 0 2 0 0 1 1 2 1 0 1 0 0
 1 1 0 1 2 0 0 0 1 0 2 1 2 1 1 0 2 1 1 1 2 1 0 0 0 2 0 0 1 1 1 0 1 1 1 1 1
 1 0 1 1 0 0 0 1 1 0 0 1 0 0 2 0 1 1 1 1 0 0 0 2 1 0 0 2 0 0 1 2 2 0 1 1 1
 1 1 0 1 0 2 1 0 2 1 1 1 2 0 0 1 1 0 0 0 1 1 1 0 0 1 0 0 2 1 1 1] 
.Accuracy: 0.41595894546186357.
--------------------------
Incorrect key: [0 1 2 1 1 1 1 1 1 0 0 0 2 0 0 0 0 0 1 1 1 0 2 2 0 2 0 1 1 0 0 0 1 0 1 1 1
 2 0 0 0 1 2 0 2 0 2 0 0 1 1 1 1 1 0 0 0 2 0 0 0 0 0 0 0 0 1 1 1 1 0 1 1 0
 1 0 2 0 0 1 0 1 2 0 1 0 0 0 2 1 1 1 1 0 1 1 0 0 1 0 0 1 0 0 0 2 0 1 0 0 1
 1 2 1 0 1 1 1 1 1 0 0 1 1 1 2 1 2 2 2 0 1 0 0 1 0 1 2 2 0 1 0 0 2 2 2 1 1
 0 1 0 2 1 2 2 0 1 1 1 0 1 0 1 1 1 1 1 2 2 2 0 1 1 1 0 1 0 0 0 0 1 0 0 0 1
 0 1 0 0 0 0 0 0 1 1 1 1 0 1 0 2 1 1 0 2 0 1 1 1 0 1 2 1 1 1 0 1 1 0 1 1 0
 1 1 0 1 1 1 2 0 1 1 1 0 0 0 0 1 0 1 1 0 0 0 0 0 0 0 2 0 1 1 1 0 1 2 1 0 0
 2 2 2 2 1 1 1 2 0 1 0 1 0 1 1 0 0 1 2 0 0 0 2 0 1 1 1 2 1 1 0 0] 
.Accuracy: 0.4888307506540551.
--------------------------
Incorrect key: [1 1 2 2 1 1 2 2 1 1 2 1 0 0 1 0 1 1 1 1 2 1 0 2 2 2 0 1 1 0 2 1 1 0 1 0 0
 0 1 0 2 1 1 0 1 0 1 0 0 0 2 0 2 0 1 1 0 2 1 0 1 0 1 1 2 1 0 0 1 0 0 0 0 0
 1 0 0 0 0 1 1 0 0 1 0 0 0 0 1 0 0 2 0 0 0 2 1 0 1 0 0 0 2 1 0 2 1 0 2 0 0
 1 1 1 1 2 0 1 2 2 1 0 0 1 0 0 1 1 1 1 1 1 2 1 0 1 1 1 0 1 0 0 0 0 0 1 0 0
 0 1 1 0 2 1 1 2 1 0 1 1 1 2 1 1 1 1 1 1 1 0 0 0 1 2 0 0 1 1 1 1 0 2 2 0 0
 0 0 2 0 1 1 1 0 1 1 1 1 0 1 0 0 0 0 1 2 0 1 0 1 0 0 0 0 1 1 0 0 0 1 2 1 1
 0 1 0 0 0 0 2 0 1 0 1 1 0 1 1 0 1 1 0 1 0 0 1 1 1 0 2 2 1 0 1 2 0 1 0 2 0
 0 2 2 0 0 0 1 0 0 0 0 1 1 1 0 2 0 1 1 2 0 1 0 1 2 2 1 1 1 1 1 1] 
.Accuracy: 0.7633326625075468.
--------------------------
Incorrect key: [1 0 1 0 0 1 0 0 0 1 1 1 1 2 0 0 0 1 0 2 0 1 0 0 2 2 1 0 0 2 0 1 1 1 2 1 1
 2 0 0 0 1 1 1 1 2 1 0 1 1 1 1 0 1 2 0 1 1 1 0 2 0 0 0 2 1 1 0 0 0 1 1 0 0
 1 0 0 0 1 0 0 1 0 0 1 1 0 2 0 1 2 1 0 0 0 1 1 1 2 0 1 0 2 1 0 0 0 1 1 1 2
 0 1 1 2 1 1 0 1 2 2 0 1 1 0 0 1 1 1 1 1 0 0 1 1 2 2 1 1 0 2 1 1 0 1 1 0 0
 0 1 0 0 1 1 0 2 0 2 1 2 1 0 1 1 0 1 0 0 1 0 2 0 2 1 1 2 0 0 2 1 0 0 0 0 0
 1 2 1 1 0 2 1 0 2 1 2 1 2 1 0 1 0 0 0 0 0 1 0 1 2 2 1 0 0 1 1 0 0 0 1 1 1
 1 0 0 1 1 0 0 1 0 1 0 0 0 1 0 1 1 0 0 1 1 0 2 0 1 1 0 1 1 1 0 0 1 0 0 0 2
 0 0 1 0 1 1 1 2 1 0 1 0 1 0 1 0 2 1 1 2 2 0 2 2 0 0 1 1 1 0 0 0] 
.Accuracy: 0.6600925739585429.
--------------------------

Incorrect key: [1 0 1 0 1 0 1 1 0 0 1 1 0 1 1 0 2 0 1 0 1 0 1 1 2 0 1 1 0 2 0 1 2 1 1 1 0
 1 0 0 2 1 0 2 2 1 0 1 2 2 2 1 0 1 1 1 0 0 0 2 1 1 2 1 0 0 1 1 1 1 0 2 0 2
 0 0 0 1 2 2 2 1 0 0 1 0 1 2 0 0 0 1 0 0 0 2 2 0 0 1 1 1 0 2 1 1 0 1 1 2 0
 2 1 0 0 0 1 2 1 1 1 0 1 1 1 0 1 1 1 2 0 0 1 2 1 0 1 0 0 0 0 1 1 1 0 1 1 1
 1 2 0 0 0 0 1 1 0 1 1 1 0 2 0 0 0 1 0 1 1 2 1 1 1 1 0 2 0 0 2 0 0 2 0 1 1
 0 1 1 1 0 2 0 1 1 1 0 0 0 0 1 1 1 1 1 0 0 0 1 0 1 1 1 0 0 0 0 0 0 0 0 0 0
 0 0 2 0 1 1 1 2 1 0 0 1 1 1 1 0 0 2 2 1 2 0 1 1 0 0 0 1 2 1 0 1 2 0 0 2 0
 1 0 0 0 2 0 1 2 0 1 0 0 0 1 1 0 1 0 1 1 1 1 0 1 0 1 0 0 2 1 1 0] 
.Accuracy: 0.4403904206077682.
--------------------------
Incorrect key: [1 2 1 0 1 1 1 2 1 0 2 2 1 2 0 0 1 1 1 0 0 1 1 1 1 1 0 0 1 1 0 0 1 1 1 2 2
 0 1 1 0 2 2 0 0 0 1 0 2 0 1 2 1 0 0 0 2 1 2 0 0 0 1 1 1 0 0 0 1 1 0 0 0 2
 0 1 0 1 0 0 2 1 0 1 0 1 2 0 0 2 0 2 1 1 0 0 0 2 0 1 1 1 1 1 2 0 0 0 1 1 1
 0 1 0 1 1 0 0 1 2 0 2 0 0 2 1 1 1 0 0 1 1 0 1 0 1 2 1 0 1 1 0 1 0 2 2 0 0
 0 1 0 0 0 1 0 1 0 0 1 1 1 1 0 1 1 0 0 0 0 2 2 1 0 0 0 1 2 1 0 0 1 0 0 1 2
 2 0 0 1 1 1 1 2 1 0 0 1 2 0 0 1 2 0 1 1 0 2 1 0 0 0 1 1 0 1 0 1 0 1 1 1 1
 0 0 0 1 0 0 0 0 1 1 1 1 0 0 1 1 1 0 0 1 1 0 2 1 0 2 2 1 0 2 0 0 0 1 1 0 0
 1 0 1 1 1 1 0 0 1 1 1 1 1 1 0 2 1 1 0 0 1 2 1 1 1 0 0 2 2 2 0 0] 
.Accuracy: 0.8236264842020528.
--------------------------
Incorrect key: [0 0 0 1 0 1 2 0 0 2 1 1 0 1 0 2 1 1 1 1 1 0 1 0 1 0 0 1 1 1 0 1 0 0 0 2 2
 1 2 1 1 0 1 0 2 1 0 0 1 2 0 1 0 1 0 0 0 2 1 0 0 0 0 0 0 0 1 0 0 0 2 1 0 1
 0 1 2 1 2 0 0 0 1 2 2 0 0 0 0 1 2 0 0 1 0 0 2 1 1 2 2 0 0 0 1 0 2 1 0 0 1
 0 1 1 1 0 1 1 1 0 2 1 1 0 0 1 2 2 0 0 1 0 0 1 1 0 1 0 1 1 0 1 0 2 1 0 1 1
 0 0 0 1 1 0 1 0 0 1 2 2 0 2 0 0 1 1 1 1 1 1 2 2 1 2 0 1 0 2 1 1 2 0 0 1 0
 1 1 2 0 1 1 1 2 2 1 0 1 1 1 1 1 1 0 1 1 1 1 0 0 0 0 0 0 1 0 1 1 2 0 0 0 1
 0 1 0 0 0 1 1 1 1 2 0 0 1 0 0 1 0 1 0 0 1 2 1 0 1 1 1 1 1 1 0 1 1 2 1 0 0
 0 1 1 1 1 2 1 0 2 2 1 2 0 0 0 2 1 1 2 1 0 1 0 1 0 0 1 0 0 0 1 0] 
.Accuracy: 0.5483799557254981.
--------------------------
Incorrect key: [2 0 1 0 0 1 1 1 1 1 0 2 2 1 1 1 0 0 2 1 2 0 1 0 0 0 1 0 0 1 1 0 1 0 1 0 1
 0 1 2 0 0 0 0 0 2 0 1 1 1 1 0 0 1 0 0 0 1 2 1 0 0 2 2 0 0 0 0 0 1 1 0 2 1
 0 2 0 0 1 1 1 0 2 0 0 2 0 0 0 0 0 0 0 2 2 0 0 0 0 0 1 1 1 1 1 2 1 1 2 0 0
 0 1 1 1 1 1 2 0 1 0 1 1 0 1 1 1 1 1 1 0 0 1 0 1 2 1 0 1 1 0 0 1 2 0 0 1 1
 1 0 1 1 1 2 2 0 0 1 1 0 2 0 1 0 0 1 1 0 1 1 2 0 1 1 1 2 1 0 1 0 1 1 1 1 0
 2 0 0 0 0 0 1 1 0 0 0 1 1 1 2 0 1 0 0 0 1 1 1 2 0 2 0 1 2 1 0 1 2 2 1 2 0
 1 1 0 1 1 1 2 0 0 0 0 0 1 1 0 0 2 1 1 0 1 0 0 0 0 0 0 0 1 1 1 0 1 1 1 0 1
 1 1 1 2 2 1 1 0 1 0 2 0 0 1 2 1 0 1 0 1 2 2 0 1 1 2 2 0 0 1 1 0] 
.Accuracy: 0.4279533105252566.
--------------------------
Incorrect key: [0 1 1 0 1 2 1 0 0 1 0 0 2 0 1 1 1 1 1 1 0 1 1 0 0 0 0 1 0 2 1 1 2 1 1 0 0
 1 0 2 0 1 0 0 1 1 0 0 2 2 1 1 2 0 2 1 1 2 0 0 0 0 1 0 0 1 0 2 0 1 1 2 1 1
 2 2 1 0 0 0 0 1 1 0 1 0 1 0 1 1 0 0 0 2 1 0 0 1 1 2 0 0 1 0 0 1 0 1 2 1 1
 2 0 1 0 2 0 0 0 1 1 0 0 0 0 1 1 2 1 0 0 0 1 2 0 1 0 0 1 1 0 0 1 0 0 1 1 1
 0 0 1 0 2 1 1 2 1 0 0 0 1 1 0 0 0 0 0 0 1 0 1 2 1 1 2 1 0 1 0 1 1 1 1 1 0
 2 0 0 1 1 1 1 0 2 2 0 1 2 1 0 0 2 1 1 0 1 1 0 1 1 1 1 1 1 0 0 2 0 1 1 1 1
 0 1 0 1 0 1 0 1 2 2 2 2 0 1 0 1 0 0 0 0 0 0 2 1 2 1 1 0 2 0 0 1 0 1 0 1 1
 2 1 0 1 2 0 2 0 1 0 0 0 0 0 1 1 2 1 1 1 2 0 1 1 0 2 1 1 1 0 0 0] 
.Accuracy: 0.5074662910042262.
--------------------------
Incorrect key: [1 0 0 2 0 0 0 0 1 0 0 0 1 0 2 2 1 0 1 0 1 0 2 1 0 0 2 0 1 1 2 1 0 2 0 0 0
 1 1 0 1 0 0 1 1 0 1 0 1 2 0 2 1 1 0 2 0 1 1 1 1 1 0 1 0 2 1 0 0 1 0 1 0 1
 1 0 0 0 0 0 1 1 0 1 0 1 0 2 1 2 2 2 1 1 1 1 1 0 1 2 1 2 1 2 0 1 2 2 1 2 0
 0 0 1 2 1 1 0 1 0 0 0 0 0 0 2 1 2 0 0 1 1 0 1 0 0 2 1 2 1 0 1 1 2 0 1 1 0
 0 2 0 1 1 1 0 1 0 2 1 0 1 2 1 2 0 1 1 1 1 2 0 0 0 1 1 0 1 1 1 1 0 1 1 2 0
 1 1 1 0 1 0 1 0 2 0 0 0 0 0 0 0 1 1 1 1 1 0 1 0 1 1 1 0 0 0 0 0 1 0 0 0 0
 0 1 0 1 0 0 1 2 1 1 1 2 0 2 1 0 1 1 0 0 0 1 0 0 0 1 2 0 0 1 0 1 0 1 0 1 1
 0 1 1 0 0 1 2 0 0 1 1 2 0 1 0 0 1 1 1 1 2 0 2 2 2 0 1 0 1 1 1 1] 
.Accuracy: 0.1951298047896961.
--------------------------
Incorrect key: [0 0 1 1 2 1 1 0 1 1 0 1 2 0 1 2 1 0 1 0 1 1 1 0 0 0 0 1 1 2 1 1 0 0 0 0 1
 1 1 2 0 0 0 0 0 0 0 1 1 2 0 0 0 0 0 0 0 1 1 1 1 2 1 0 0 1 0 0 2 1 1 1 1 1
 0 0 2 1 1 0 0 1 0 2 0 1 1 0 2 0 0 0 0 1 0 1 0 1 0 2 1 0 0 0 1 1 1 0 1 2 1
 1 1 0 1 0 0 1 0 0 0 0 0 1 1 0 0 0 1 1 0 2 2 1 0 1 0 0 0 1 2 0 0 1 1 1 1 2
 2 0 1 1 2 1 1 1 0 1 1 1 0 0 0 1 2 1 0 0 1 1 0 0 0 1 1 1 0 1 1 0 2 0 1 0 1
 0 1 0 1 1 0 0 1 2 1 1 1 0 0 0 0 0 1 2 2 1 1 2 1 0 0 1 2 1 2 2 1 2 0 0 0 0
 2 0 1 1 1 1 1 0 1 0 1 0 1 2 2 0 0 1 1 1 0 1 0 1 2 1 0 0 1 0 1 1 1 0 1 1 2
 1 2 0 2 2 1 0 1 2 1 0 2 2 0 2 0 0 0 0 0 2 0 1 1 2 0 0 1 1 1 0 2] 
.Accuracy: 0.26759911450996177.
--------------------------
Incorrect key: [1 1 1 0 2 2 0 1 1 2 2 1 0 0 1 0 2 1 1 1 0 1 1 0 1 0 0 1 0 1 0 1 0 0 1 1 2
 0 0 1 0 1 0 2 0 1 0 0 1 1 0 2 0 1 2 1 1 0 0 1 0 0 1 2 1 0 1 1 2 0 2 1 0 0
 1 2 1 0 1 1 0 1 0 0 1 1 0 1 1 1 1 1 1 1 1 1 0 1 2 2 0 1 2 1 1 1 2 2 2 0 2
 1 1 1 1 0 0 1 0 1 0 0 1 2 2 0 1 0 0 1 0 1 0 1 1 1 2 0 0 1 2 1 0 0 2 0 0 0
 0 1 1 0 2 0 0 2 1 1 2 0 0 2 0 0 0 1 2 0 1 1 0 1 0 2 0 0 1 1 1 0 0 1 0 0 1
 1 1 1 2 0 2 0 1 0 1 1 1 0 1 0 1 0 2 1 0 1 0 0 1 1 1 1 1 1 0 0 0 1 0 0 1 2
 0 1 2 1 2 1 2 1 1 0 0 0 0 1 2 1 0 0 0 0 1 2 0 0 1 1 0 1 1 0 0 0 0 0 0 1 1
 0 0 1 0 1 0 1 0 0 1 2 2 0 1 0 0 1 0 0 0 1 1 0 0 2 1 0 2 0 0 1 0] 
.Accuracy: 0.5502918092171463.
--------------------------
Incorrect key: [1 0 0 1 2 0 1 1 2 0 0 1 1 1 1 1 1 2 1 2 0 2 2 1 0 2 0 1 0 1 0 0 2 0 2 1 0
 1 1 1 1 1 2 0 0 0 1 0 1 1 2 2 0 0 2 0 0 2 2 1 0 0 0 0 1 0 0 0 1 0 1 1 1 0
 1 2 0 1 0 0 0 2 0 0 1 1 0 2 2 0 0 1 1 1 1 1 1 1 0 0 1 1 1 1 0 1 2 0 1 1 0
 1 2 0 1 0 2 0 1 1 0 0 1 0 0 0 0 0 1 0 0 0 1 0 1 2 0 0 0 2 0 1 0 0 1 1 0 0
 0 0 2 1 1 1 1 2 1 1 1 1 0 1 2 0 2 0 0 2 2 0 1 0 0 0 1 2 1 0 0 1 1 0 0 0 1
 0 2 0 2 1 0 1 2 1 0 1 0 1 1 0 0 1 0 1 0 1 0 1 0 1 0 1 0 0 1 1 1 0 0 1 2 1
 0 0 1 1 0 1 1 0 1 0 0 0 1 2 1 1 1 1 0 0 0 1 2 1 0 1 1 0 1 0 0 1 1 0 1 0 1
 1 1 0 1 2 1 0 2 1 0 0 1 0 2 0 1 1 0 1 1 2 2 1 1 0 0 1 0 1 2 2 1] 
.Accuracy: 0.48263232038639564.
--------------------------
