Incorrect key: [0 0 1 1 1 1 0 0 1 0 1 2 1 2 2 0 0 0 0 2 0 1 1 0 0 1 1 1 0 2 0 1 1 0 1 0 1
 0 1 1 0 1 1 0 1 0 0 2 0 1 0 0 0 0 0 1 1 1 1 1 1 2 1 2 1 2 0 1 2 1 0 0 1 0
 1 2 1 1 1 1 2 1 1 1 1 0 0 0 2 1 0 1 0 2 0 0 1 2 0 1 1 2 1 0 1 1 0 1 2 0 1
 1 0 1 1 2 0 1 0 1 0 0 2 2 1 1 0 2 1 0 1 0 0 0 0 0 0 0 0 0 1 1 1 0 1 1 2 1
 1 2 0 0 0 2 2 1 0 1 2 2 1 2 2 0 0 1 0 1 0 0 2 0 1 1 2 1 0 1 1 0 0 0 0 0 1
 1 0 1 2 0 1 0 0 2 1 0 1 1 1 1 2 0 0 1 1 0 0 1 1 2 1 1 2 0 1 0 1 0 0 0 2 0
 1 0 2 1 1 1 1 0 0 0 0 1 0 1 0 1 1 0 0 0 0 0 0 0 1 0 0 1 0 1] 
.Accuracy: 0.1165.
--------------------------
Incorrect key: [1 2 0 2 2 1 0 0 0 0 0 1 1 0 1 1 0 2 0 0 1 0 1 0 1 1 0 1 0 0 2 1 2 0 2 0 0
 1 0 0 0 2 1 0 2 2 1 2 0 0 0 1 1 2 1 0 1 1 0 1 0 0 0 0 0 1 1 1 2 2 2 1 2 1
 0 1 0 0 1 2 0 0 1 1 1 1 1 0 1 2 0 0 1 1 0 2 0 0 2 0 1 0 0 1 1 1 2 1 0 2 0
 1 2 1 1 2 0 1 0 1 1 1 1 0 0 1 0 1 1 0 0 0 2 0 2 1 1 1 1 1 0 1 0 1 1 2 1 0
 1 0 0 0 1 0 0 1 1 1 2 2 0 0 0 1 0 1 0 1 0 0 1 1 1 1 0 1 1 1 0 0 1 0 0 0 0
 0 0 0 1 1 2 1 0 1 2 0 0 1 0 1 0 1 1 2 1 0 0 0 1 0 1 1 1 0 1 0 1 1 0 0 0 1
 1 0 2 1 1 0 1 1 1 0 2 2 0 0 1 0 0 0 0 1 1 1 2 2 1 2 0 0 1 1] 
.Accuracy: 0.1672.
--------------------------
Incorrect key: [0 1 0 1 2 1 1 1 1 2 0 0 0 0 0 2 0 2 1 0 1 1 1 0 1 1 0 1 1 1 0 0 0 0 1 0 1
 2 0 2 1 0 2 1 0 0 1 0 1 0 0 0 0 1 1 1 1 2 1 0 1 2 1 2 0 0 0 1 0 2 0 0 1 0
 1 0 1 1 0 1 1 1 2 1 0 0 0 0 1 2 1 1 1 0 2 2 0 2 1 1 1 0 1 1 2 1 0 1 1 0 2
 1 2 1 1 0 0 0 1 0 2 1 2 0 1 0 0 1 1 0 2 0 1 1 0 0 2 0 1 1 0 0 1 0 0 1 0 0
 2 0 0 1 2 2 0 0 1 1 0 1 2 1 1 1 2 2 1 0 0 1 0 2 0 0 0 2 0 0 2 0 0 0 0 0 0
 1 0 1 1 1 2 1 0 1 2 1 1 0 0 0 0 0 0 1 1 1 1 0 1 1 1 0 0 1 0 2 2 0 0 1 0 0
 1 1 0 1 1 0 1 0 0 0 1 1 1 0 0 1 1 2 0 0 2 1 1 1 1 1 1 1 1 0] 
.Accuracy: 0.1115.
--------------------------
Incorrect key: [0 0 1 0 1 2 0 1 0 0 0 2 1 1 1 0 2 2 0 1 0 1 1 0 0 0 0 2 0 0 1 1 2 0 0 2 0
 1 2 1 2 0 0 2 1 0 0 1 2 1 1 1 1 1 1 1 0 1 0 0 1 0 0 0 0 1 0 2 0 1 1 1 1 1
 0 1 1 1 0 1 2 2 2 1 1 0 1 0 0 0 0 1 0 0 2 1 0 1 0 1 2 1 1 1 2 1 0 0 0 1 0
 1 1 0 0 1 0 2 0 0 1 1 0 1 0 1 0 0 1 1 0 1 2 1 0 0 0 0 2 1 1 0 0 2 0 1 1 2
 2 2 2 1 2 1 1 0 0 0 0 1 0 0 2 0 2 0 1 0 1 1 0 1 1 1 1 0 0 1 1 1 0 0 1 0 1
 1 0 2 2 0 1 1 2 2 1 0 1 0 1 0 0 1 0 0 1 0 1 2 0 0 0 0 0 0 1 2 0 1 1 1 0 0
 1 0 1 1 1 0 0 1 1 2 0 1 1 1 1 1 1 1 0 1 2 0 2 1 0 1 0 0 1 0] 
.Accuracy: 0.0853.
--------------------------
Incorrect key: [1 1 0 2 0 1 1 0 1 1 2 1 0 0 1 1 0 0 0 0 2 1 0 1 2 0 0 1 0 0 1 0 1 0 1 0 1
 0 1 0 1 1 0 0 0 1 0 0 0 2 0 1 1 0 1 0 0 1 1 0 0 1 0 1 1 0 0 2 1 0 0 1 2 1
 0 1 2 2 1 2 0 2 1 0 0 0 0 2 0 1 1 1 0 0 2 1 0 1 0 1 0 0 0 2 0 0 1 1 0 1 0
 1 0 0 2 1 0 1 0 0 2 0 1 0 2 1 1 1 2 0 0 1 0 0 1 1 2 0 0 2 1 0 2 1 0 2 1 0
 2 2 0 0 0 1 0 1 0 0 1 0 0 1 1 0 1 1 0 1 1 1 0 2 1 0 2 1 0 1 0 1 2 1 1 0 2
 1 2 2 1 0 1 1 2 1 1 1 0 2 1 1 1 1 0 0 1 2 1 1 0 1 1 1 0 2 0 2 1 1 1 1 1 1
 0 0 2 2 1 0 1 0 0 1 1 1 0 1 0 1 0 2 1 0 1 1 0 0 1 1 0 0 0 0] 
.Accuracy: 0.1966.
--------------------------
Incorrect key: [1 0 1 1 2 1 1 0 0 0 1 0 2 0 0 1 0 2 1 2 0 0 1 1 1 1 0 1 1 0 0 1 0 1 1 0 1
 0 0 0 1 0 0 0 0 1 1 2 0 2 1 1 1 1 0 2 1 0 0 1 0 1 0 1 1 0 2 1 0 1 0 0 1 0
 1 2 2 2 0 2 1 0 1 0 0 0 0 0 1 0 1 0 0 0 2 1 2 0 1 2 1 0 1 1 1 0 2 0 1 0 1
 1 2 1 0 0 1 0 0 1 1 1 1 1 0 0 0 1 2 2 1 0 1 0 0 0 1 0 0 0 1 0 1 1 0 0 1 2
 1 1 0 1 2 0 1 0 1 0 1 1 1 0 0 1 2 0 0 1 0 0 2 2 1 1 1 2 1 2 1 0 0 1 2 1 2
 0 2 1 1 1 1 1 2 0 1 0 1 2 0 1 1 1 2 0 1 1 1 0 0 0 1 0 1 0 0 2 1 1 1 2 0 1
 0 2 1 0 1 0 0 0 0 1 0 0 0 2 1 2 2 1 0 0 0 0 0 1 0 0 1 1 0 1] 
.Accuracy: 0.1885.
--------------------------
Incorrect key: [1 2 0 1 0 0 1 0 1 0 1 0 1 1 0 1 2 2 1 1 0 0 0 0 0 0 1 2 1 0 1 1 0 2 1 0 2
 1 1 0 0 1 0 1 1 0 1 0 1 1 0 1 0 1 1 0 1 0 1 0 1 1 1 2 0 0 2 0 0 1 1 1 0 0
 1 0 0 1 1 2 0 2 2 0 1 0 0 0 1 0 1 0 0 1 1 0 1 0 1 1 0 0 1 1 0 0 2 0 0 1 1
 1 0 1 1 0 1 0 2 0 0 2 0 0 0 2 1 0 0 0 1 0 0 1 1 1 2 0 0 1 1 1 0 1 2 1 2 2
 0 2 0 2 1 2 0 1 2 2 0 0 2 0 0 0 2 0 1 2 0 2 0 1 1 0 0 2 1 0 1 0 0 0 0 1 1
 1 1 0 0 0 1 1 1 0 0 1 0 1 0 1 1 1 1 0 2 2 0 2 0 0 2 0 0 0 2 1 1 1 1 1 0 1
 2 1 2 1 1 0 1 1 0 0 2 1 1 0 0 1 0 1 0 0 1 2 1 1 1 1 1 1 1 1] 
.Accuracy: 0.2675.
--------------------------
Incorrect key: [1 2 0 1 0 2 1 0 1 1 1 2 1 1 2 0 1 2 1 1 1 1 0 0 0 1 0 0 1 0 0 1 2 0 2 1 1
 0 1 0 1 0 2 1 1 0 0 0 0 0 1 0 1 0 2 1 1 0 1 1 1 1 0 2 1 2 0 1 0 1 2 0 1 1
 2 2 0 0 1 1 0 0 1 2 1 1 1 2 0 1 0 0 2 1 0 1 1 0 2 0 0 1 1 1 0 1 1 1 1 0 1
 2 0 0 1 2 1 2 1 1 1 0 0 0 1 0 0 1 1 0 2 0 0 2 0 0 0 0 0 0 1 0 0 1 2 1 1 1
 0 1 0 1 1 1 2 0 0 0 0 0 1 0 1 0 0 1 0 1 0 0 0 1 0 1 2 0 2 0 1 0 2 0 0 2 1
 0 0 1 0 0 1 1 1 0 1 1 1 1 0 0 0 0 0 2 0 1 1 0 1 2 1 1 1 2 0 0 1 1 0 0 2 1
 0 1 1 1 0 0 0 0 0 1 0 2 2 0 1 1 0 1 2 1 1 1 0 0 1 0 2 1 0 2] 
.Accuracy: 0.1693.
--------------------------
Incorrect key: [2 0 0 1 0 1 0 0 0 0 0 2 1 0 0 0 1 0 0 0 0 0 1 2 0 0 1 2 1 1 1 1 0 2 1 2 0
 1 0 0 0 1 1 1 2 2 0 0 0 1 0 1 1 1 1 0 1 1 0 0 1 1 1 1 0 0 2 1 0 1 2 1 1 0
 0 1 1 0 2 2 1 0 2 1 1 0 1 0 1 1 0 0 1 1 0 1 0 1 1 1 0 1 0 1 2 0 0 0 2 0 2
 1 0 0 2 0 1 0 1 0 1 0 0 0 0 0 1 2 0 0 0 1 0 2 0 1 1 0 1 0 0 0 2 2 0 0 1 0
 2 0 1 1 0 0 0 0 2 0 1 1 2 0 1 1 0 2 0 2 0 1 1 1 0 1 1 2 1 1 1 2 0 2 1 1 1
 0 1 1 0 1 1 1 1 0 2 0 0 0 1 1 1 0 2 0 1 1 1 1 1 0 1 1 2 0 1 0 2 0 0 1 1 1
 0 1 0 1 1 1 0 1 1 1 0 2 1 0 1 2 0 0 0 0 2 0 1 2 1 1 1 2 0 1] 
.Accuracy: 0.2561.
--------------------------
Incorrect key: [1 1 0 1 1 0 1 0 1 2 1 1 1 0 1 1 0 1 0 1 0 0 1 0 1 1 1 0 2 2 0 2 0 1 1 2 1
 1 1 0 1 1 1 1 0 1 1 0 1 2 0 0 0 2 0 0 1 0 0 1 0 1 1 1 1 0 2 2 1 1 1 0 1 1
 0 1 2 2 2 1 2 1 0 1 1 0 1 0 1 0 0 2 0 2 1 0 1 0 0 1 1 1 0 0 1 0 0 0 0 0 0
 2 2 1 2 0 1 0 1 1 2 1 2 0 2 0 0 0 1 1 1 1 1 1 0 0 1 0 1 1 2 2 0 1 0 1 2 2
 0 0 0 0 0 0 0 1 0 0 1 1 0 2 1 2 0 0 1 1 0 0 2 2 1 1 0 1 0 1 0 0 1 0 2 1 2
 0 0 2 0 1 0 1 0 0 0 1 1 1 0 1 1 0 2 0 2 1 0 0 1 1 0 0 1 0 0 0 1 0 0 1 1 1
 1 1 0 1 1 1 0 0 0 2 0 1 1 0 0 1 0 1 2 0 1 2 2 1 0 0 0 0 0 0] 
.Accuracy: 0.0833.
--------------------------
Incorrect key: [0 0 1 0 0 0 1 1 1 0 1 1 1 2 0 2 2 0 1 2 0 0 1 2 2 0 1 1 1 0 1 1 0 1 2 2 0
 0 2 0 1 1 1 0 1 1 1 1 0 2 0 1 0 1 2 0 1 1 0 0 1 0 1 2 1 0 1 0 1 0 0 2 0 0
 0 0 2 0 2 0 1 0 2 0 0 1 0 0 1 0 0 1 1 1 2 1 0 1 2 1 0 1 0 1 1 0 0 0 2 0 0
 1 1 0 1 0 1 0 0 1 1 1 2 1 1 1 1 0 0 1 1 0 1 0 0 2 0 1 0 1 0 0 0 0 2 2 1 1
 2 0 0 2 1 0 0 0 1 1 1 0 1 0 1 2 0 0 2 1 0 0 1 1 0 0 1 0 1 1 1 2 2 0 1 2 1
 0 1 0 1 0 1 0 0 1 2 0 1 2 2 0 1 1 1 1 0 1 1 1 0 0 1 1 0 1 1 0 1 2 0 2 1 0
 1 1 0 1 0 1 1 0 0 2 0 1 0 1 0 1 1 1 0 0 2 1 0 0 0 0 0 1 2 1] 
.Accuracy: 0.1889.
--------------------------
Incorrect key: [0 0 0 0 1 2 1 1 0 0 2 0 1 1 0 1 1 0 1 0 0 1 1 0 2 1 1 1 0 2 1 0 1 0 0 0 0
 1 0 1 1 2 0 1 0 1 2 1 1 0 0 0 1 0 2 2 1 0 1 2 2 1 2 1 0 1 0 0 1 2 1 0 0 1
 1 1 1 1 0 0 1 1 2 0 2 1 1 1 1 1 0 0 1 0 2 0 0 1 1 1 0 0 0 2 1 1 1 2 1 2 1
 1 1 1 1 0 0 1 0 0 1 0 0 0 0 2 0 1 2 0 1 1 1 1 1 1 1 1 0 1 0 1 0 1 1 0 2 0
 1 0 0 1 0 0 0 0 2 1 2 0 0 0 0 0 1 0 0 1 0 0 1 2 0 1 0 1 0 1 1 1 1 0 0 2 0
 1 1 1 0 0 0 0 0 1 0 0 2 0 0 1 0 0 1 0 1 2 1 2 1 0 1 2 0 0 1 0 0 1 0 0 0 1
 0 1 2 2 2 0 2 1 0 2 1 1 1 0 1 2 2 0 1 2 1 0 0 2 1 0 1 1 1 0] 
.Accuracy: 0.1032.
--------------------------
Incorrect key: [1 1 0 1 0 1 0 0 0 0 1 1 0 2 0 1 0 1 0 0 2 0 0 1 1 1 0 1 0 2 1 1 1 1 1 2 0
 0 0 0 0 1 0 1 1 1 1 0 1 2 1 0 1 1 2 0 0 1 2 1 2 1 1 1 2 1 0 0 1 1 1 2 2 1
 1 0 2 1 0 1 2 0 0 0 1 2 0 2 1 0 0 0 0 0 1 1 1 2 0 0 0 1 0 0 0 1 0 1 0 1 2
 1 2 0 0 1 0 2 0 0 1 0 2 0 1 1 1 2 0 0 1 1 2 1 1 0 2 1 2 0 0 1 2 2 1 0 1 1
 1 0 2 0 1 1 0 1 2 2 0 2 1 0 0 0 1 2 0 1 1 0 0 1 1 0 1 0 0 1 1 0 0 2 0 0 1
 0 1 0 0 1 1 2 1 0 0 1 1 0 0 0 0 0 1 1 0 0 0 0 0 2 1 1 0 1 1 1 0 0 0 1 0 0
 1 0 2 0 0 1 0 2 1 1 1 1 0 0 1 1 1 1 1 1 1 0 0 2 2 1 1 1 0 0] 
.Accuracy: 0.1418.
--------------------------
Incorrect key: [1 0 1 0 1 0 2 2 1 1 1 2 0 1 1 0 1 2 2 2 1 1 0 1 0 1 0 1 0 0 0 1 1 0 0 0 1
 0 0 2 1 1 0 1 0 1 1 1 0 0 1 1 1 1 1 1 0 1 2 0 0 0 1 0 0 1 0 0 2 1 0 0 0 1
 2 1 1 0 1 0 2 0 1 0 0 0 0 1 0 0 1 0 1 0 0 2 0 1 2 0 0 0 1 0 1 0 0 2 1 0 1
 0 0 1 1 1 1 2 1 0 1 0 0 0 1 2 1 0 1 0 0 0 1 1 2 0 0 0 1 1 0 0 1 1 1 2 0 1
 0 2 1 0 1 0 1 1 1 0 1 1 1 0 2 2 1 2 0 0 0 1 1 0 0 1 1 2 0 2 0 1 1 1 1 2 2
 0 1 0 0 2 1 0 1 0 1 1 0 1 1 2 0 2 1 0 2 1 0 0 1 0 0 2 0 2 0 2 1 0 1 1 2 0
 1 0 1 2 1 0 1 1 1 2 0 1 0 0 1 1 0 1 2 1 0 0 0 2 0 0 1 0 1 1] 
.Accuracy: 0.1442.
--------------------------
Incorrect key: [0 1 1 0 1 2 1 1 2 0 1 0 1 0 1 0 0 2 1 0 1 2 0 2 1 1 0 0 1 1 0 1 0 0 1 0 0
 2 1 0 1 1 1 2 0 2 0 0 1 1 1 0 0 1 0 2 0 1 2 2 0 0 1 0 0 0 0 0 1 1 1 2 0 0
 1 1 0 1 1 0 1 0 0 0 1 0 0 1 0 2 1 0 0 1 2 0 1 0 1 1 0 1 0 0 1 1 2 1 0 1 2
 0 1 1 0 0 1 0 1 0 1 2 1 0 1 2 1 1 1 2 0 0 1 1 0 0 2 2 1 0 2 0 0 0 0 0 0 1
 0 0 1 1 1 2 0 1 1 0 1 1 1 1 1 1 2 1 0 2 0 1 0 1 1 0 0 1 0 1 1 0 0 1 0 1 0
 1 0 1 0 1 2 0 0 0 0 0 0 0 2 1 1 1 1 1 1 1 2 2 1 2 1 2 1 0 0 0 2 0 0 0 2 0
 0 2 0 1 1 0 2 0 1 1 1 1 1 2 1 0 0 0 0 1 2 0 2 1 0 1 1 1 0 1] 
.Accuracy: 0.0775.
--------------------------
Incorrect key: [0 0 0 1 0 1 2 0 1 1 1 0 0 2 1 1 1 2 1 0 0 2 0 1 1 0 0 1 0 0 1 1 1 1 1 1 1
 1 0 0 0 1 0 0 0 0 0 1 0 0 1 1 0 0 0 0 2 1 0 1 0 2 0 1 2 2 0 2 2 1 0 0 1 1
 2 1 0 0 1 1 1 0 0 1 1 1 1 1 1 0 0 0 0 2 2 0 1 1 1 1 1 0 0 0 0 0 0 0 0 0 1
 2 1 1 1 0 0 1 2 2 2 1 2 1 1 1 1 0 0 1 1 1 2 0 1 0 1 1 0 0 0 1 0 0 0 1 0 1
 1 2 1 1 0 1 2 0 0 1 2 1 0 0 0 1 1 2 0 1 2 1 2 2 0 0 0 1 0 2 1 1 1 2 0 0 1
 0 2 0 0 1 0 1 0 2 2 0 0 1 0 1 1 0 1 0 1 0 0 2 1 2 1 0 0 0 1 1 2 0 0 1 2 1
 2 1 1 2 0 1 0 1 0 0 0 0 1 1 1 0 1 0 1 1 1 2 0 0 1 1 1 1 0 0] 
.Accuracy: 0.1528.
--------------------------
Incorrect key: [0 0 2 0 1 1 2 1 2 1 0 0 0 0 0 0 2 2 1 1 1 1 1 1 1 0 0 0 1 0 1 0 0 1 1 0 2
 0 0 2 2 2 0 0 0 0 2 0 0 1 1 2 0 0 1 1 0 0 1 1 1 1 0 0 0 0 0 0 1 0 0 0 1 2
 0 1 0 1 1 0 1 0 0 1 1 2 2 0 1 1 0 1 1 0 0 0 1 1 1 2 1 1 1 1 1 2 1 2 1 0 1
 1 1 0 0 0 0 2 1 1 2 0 2 1 0 0 0 0 1 2 0 1 1 1 1 0 0 2 0 0 2 1 0 0 0 0 0 1
 0 1 1 1 0 0 0 1 0 1 0 1 1 1 0 1 0 1 0 1 2 2 0 2 2 2 1 0 1 0 0 1 0 1 0 0 0
 1 1 1 0 0 1 1 1 0 1 0 1 0 1 0 2 2 1 0 2 0 0 1 2 1 0 1 1 2 1 0 1 0 2 0 1 0
 1 1 1 2 1 1 2 1 1 0 1 1 1 1 0 0 1 0 1 1 0 0 2 0 1 1 0 0 1 2] 
.Accuracy: 0.1237.
--------------------------
Incorrect key: [0 1 1 0 0 1 0 0 1 0 0 0 0 0 1 1 0 0 0 0 0 0 1 2 1 1 1 1 1 2 1 0 1 0 0 1 0
 0 1 1 0 0 0 1 0 1 1 1 0 0 0 1 0 2 0 0 1 1 0 0 1 1 1 0 2 0 1 0 2 1 1 1 1 1
 0 1 2 1 0 2 0 1 1 2 0 1 0 1 2 0 1 0 0 0 2 1 0 1 0 1 0 1 0 1 2 0 0 0 1 2 2
 1 2 0 2 0 1 1 1 2 0 1 0 1 0 1 2 0 1 1 1 1 0 2 1 0 1 1 0 1 1 0 1 0 2 0 2 2
 1 0 2 0 1 1 0 0 2 1 2 2 0 1 2 0 1 1 0 1 1 1 0 1 1 0 0 0 1 1 2 1 1 1 1 1 0
 0 1 1 1 1 2 0 0 1 0 0 1 1 0 1 1 1 2 0 1 2 0 1 1 0 1 2 0 1 1 1 2 2 0 1 0 0
 0 2 0 0 1 1 0 0 0 2 1 0 0 1 0 0 2 0 0 0 2 0 1 1 0 0 2 0 1 0] 
.Accuracy: 0.0823.
--------------------------
Incorrect key: [1 1 0 1 0 1 0 0 2 1 1 0 0 1 1 0 0 0 1 2 0 1 0 2 0 2 1 1 1 0 0 1 1 1 2 2 0
 2 0 1 0 1 2 2 1 0 1 1 0 2 0 0 0 1 1 1 0 0 2 1 0 1 1 0 2 0 0 0 0 0 1 1 0 0
 0 2 1 1 1 1 1 2 0 2 0 0 0 1 0 2 2 1 1 0 0 0 0 0 0 0 1 0 0 1 0 0 2 0 0 2 1
 0 0 0 1 0 1 1 0 0 2 0 0 1 0 2 1 1 1 2 0 2 0 0 2 1 1 1 1 1 1 0 0 1 1 1 1 1
 2 0 0 0 1 1 0 1 1 2 1 0 0 1 0 1 1 0 0 0 2 0 0 1 0 1 2 0 0 0 0 0 2 2 1 2 2
 0 1 1 1 1 1 1 2 1 1 1 0 1 2 1 0 0 1 0 0 1 2 1 0 1 1 1 0 0 1 0 1 0 1 0 0 2
 0 1 1 0 0 1 2 0 1 1 1 1 1 0 2 0 1 1 1 0 1 1 0 1 1 1 0 1 1 0] 
.Accuracy: 0.1783.
--------------------------
Incorrect key: [0 1 0 0 1 1 1 0 0 2 0 1 0 1 1 1 1 0 0 1 0 1 1 0 0 2 0 1 0 1 0 0 1 0 0 1 2
 1 2 0 0 2 1 0 1 1 0 0 1 1 1 0 1 1 0 0 0 0 0 1 2 1 2 2 0 1 2 1 1 1 0 0 0 0
 0 1 1 0 1 0 2 1 0 1 1 2 1 2 0 2 1 1 1 0 1 0 2 1 0 0 0 1 0 0 0 0 0 0 1 1 0
 0 0 1 1 0 1 1 2 1 1 1 0 2 0 1 0 0 2 1 1 1 0 0 1 1 0 0 1 0 2 1 1 1 1 1 0 0
 2 1 0 1 1 1 1 1 0 0 0 2 1 2 2 0 0 2 1 0 0 1 0 2 2 0 1 2 0 1 0 0 0 1 1 0 1
 1 0 1 0 1 2 0 0 0 2 1 1 0 1 0 1 1 1 0 2 2 2 1 0 1 2 0 1 0 1 0 1 1 2 1 0 1
 0 0 0 1 2 1 0 0 2 1 0 2 0 2 1 1 0 0 0 1 0 1 1 0 1 1 2 1 0 0] 
.Accuracy: 0.0888.
--------------------------
Incorrect key: [1 1 0 0 0 0 0 2 0 0 1 0 0 0 2 2 2 1 0 0 0 0 2 1 0 0 0 1 1 2 1 2 1 0 1 1 2
 1 0 0 1 1 0 2 2 0 0 0 1 1 0 1 0 0 0 1 2 1 1 0 0 1 1 1 1 0 1 0 0 1 1 0 1 1
 1 1 1 0 0 0 1 2 1 1 0 1 2 0 1 1 1 1 2 0 1 1 0 1 1 0 0 0 2 1 0 1 0 1 2 1 0
 1 2 0 0 2 2 1 0 1 0 1 0 1 1 2 1 2 1 1 1 2 1 1 1 0 2 0 0 2 0 1 0 0 0 1 0 1
 0 0 0 1 1 0 0 2 0 2 0 1 1 1 1 1 0 1 0 2 0 0 1 1 0 1 1 1 1 1 0 1 1 0 0 0 0
 1 0 1 0 1 0 1 2 2 0 0 1 0 2 1 0 0 1 0 2 0 1 1 1 1 1 0 2 0 0 2 0 1 0 0 2 0
 0 0 0 2 0 1 1 0 1 2 1 1 1 1 0 1 0 1 0 2 1 0 2 1 0 0 1 0 1 0] 
.Accuracy: 0.211.
--------------------------
Incorrect key: [1 0 0 0 0 2 1 2 2 0 2 1 1 1 0 0 0 2 0 1 1 1 0 0 2 0 0 0 1 1 0 1 0 1 1 1 1
 2 1 0 1 0 1 1 0 2 0 0 0 1 0 1 2 1 0 1 0 2 1 1 1 2 0 2 1 2 0 1 1 0 2 1 0 2
 1 0 1 2 0 1 0 0 0 1 1 0 2 1 0 0 0 0 1 1 0 0 1 0 1 1 2 2 1 0 1 0 2 1 0 0 0
 0 0 2 1 0 0 0 1 1 1 1 1 0 1 0 0 1 1 1 0 0 0 0 1 2 1 1 1 1 0 2 1 2 0 1 1 0
 1 1 1 1 1 1 1 1 0 0 0 1 2 1 0 1 1 1 1 0 1 1 0 2 1 0 0 2 1 0 1 1 1 0 1 0 2
 0 0 1 1 0 2 1 2 0 0 0 2 0 0 1 1 0 0 0 1 1 1 1 0 0 0 1 1 1 0 0 0 0 0 1 0 0
 0 2 1 0 0 1 0 1 0 0 0 2 0 1 1 1 0 1 1 2 1 2 2 0 2 0 0 0 2 1] 
.Accuracy: 0.2791.
--------------------------
Incorrect key: [0 1 0 0 1 0 0 0 0 1 1 0 1 1 0 0 2 0 2 1 0 0 1 0 2 1 0 0 0 0 1 1 0 0 0 0 0
 0 2 1 1 1 0 1 1 0 2 0 1 2 0 0 0 1 0 1 1 1 1 0 0 1 1 0 1 2 0 2 1 0 0 1 1 1
 0 0 0 1 0 1 0 1 2 1 2 0 0 0 2 1 0 1 0 1 1 0 1 0 1 1 0 0 0 1 1 1 2 1 1 1 1
 0 2 1 1 1 1 1 1 1 1 1 2 1 0 0 1 2 1 0 0 1 0 1 2 0 1 1 0 1 0 2 2 0 0 2 1 1
 1 1 1 1 0 0 2 0 1 1 2 0 2 1 1 2 0 1 1 0 1 0 0 0 2 1 0 1 1 1 1 0 0 1 0 0 1
 1 1 0 0 2 0 1 0 0 1 0 0 0 1 0 2 1 2 1 2 1 1 1 0 0 0 1 0 1 0 1 0 1 0 1 2 1
 0 2 0 1 2 0 0 2 1 2 0 0 1 0 2 1 0 2 0 1 0 2 0 2 0 0 2 0 1 1] 
.Accuracy: 0.0745.
--------------------------
Incorrect key: [0 0 0 2 2 0 1 1 0 0 1 0 0 1 0 0 2 2 1 0 0 1 0 0 0 0 0 1 0 1 0 0 0 0 0 1 2
 1 0 1 0 0 1 0 1 0 1 0 0 1 0 2 0 0 0 1 2 1 0 1 2 1 1 2 0 0 1 1 0 1 1 1 0 1
 1 2 0 0 1 0 1 1 1 1 0 0 1 1 0 1 1 1 0 0 2 0 1 0 1 1 0 0 0 1 1 0 0 2 0 2 2
 1 0 1 0 1 1 2 0 1 0 1 0 1 2 1 1 1 0 0 2 1 0 0 1 0 2 2 1 0 1 1 1 1 0 1 1 0
 0 0 0 0 1 1 1 2 1 1 0 0 2 1 1 1 1 2 0 2 0 2 1 0 2 0 1 0 0 1 1 2 1 1 2 0 0
 1 2 1 1 0 0 0 0 1 1 1 0 0 2 0 1 0 1 0 1 2 0 1 0 2 2 1 1 1 1 0 1 1 2 1 1 0
 1 1 2 1 1 0 0 1 0 1 0 0 0 1 2 2 1 0 1 2 0 1 1 2 0 0 0 1 1 0] 
.Accuracy: 0.1648.
--------------------------
Incorrect key: [2 0 0 1 1 0 0 0 0 1 1 1 0 1 0 0 1 1 1 1 0 0 0 0 1 0 1 0 0 2 0 0 0 1 0 0 0
 1 1 1 1 1 2 1 0 2 1 1 1 0 0 1 0 1 2 0 0 0 0 1 0 1 0 1 0 1 1 1 1 0 0 1 1 0
 0 2 1 1 0 0 1 1 2 0 1 0 1 1 0 2 1 2 0 1 0 1 2 1 1 2 2 0 1 1 1 1 0 0 2 1 2
 0 1 2 2 1 2 2 0 0 0 1 0 1 0 1 0 2 1 0 2 0 1 1 1 1 1 1 2 1 0 1 1 1 1 0 2 2
 0 0 0 0 0 1 1 2 0 0 2 1 1 1 0 0 2 1 1 0 2 0 2 2 1 1 0 0 0 1 0 1 0 0 1 0 0
 0 1 1 0 0 1 2 0 0 1 0 2 1 1 1 0 1 1 0 1 1 1 0 2 2 1 0 1 2 0 0 0 2 0 1 0 0
 0 0 0 1 0 0 1 1 1 1 0 2 1 1 0 0 1 0 2 0 0 1 0 1 1 1 1 0 2 0] 
.Accuracy: 0.2175.
--------------------------
Incorrect key: [0 0 1 2 1 2 1 2 0 1 0 1 0 1 1 0 2 0 0 0 1 1 0 0 0 0 2 0 0 2 1 1 1 1 2 1 1
 2 0 1 1 1 1 1 0 1 0 0 0 1 0 1 2 2 2 0 1 0 2 1 0 2 0 1 1 2 1 1 1 0 1 1 2 0
 0 0 0 1 1 0 2 0 1 1 0 2 2 1 0 0 1 1 0 1 1 0 0 1 1 0 1 1 0 1 1 1 2 1 1 1 0
 1 1 1 0 0 2 1 2 0 1 1 1 0 1 0 2 1 0 1 0 1 0 1 0 0 1 1 0 1 2 0 2 2 1 0 0 1
 1 0 1 1 0 2 1 0 0 2 0 1 0 1 0 0 1 1 0 0 0 0 2 1 1 1 1 0 1 0 0 1 1 1 0 0 0
 0 2 0 0 0 2 1 0 1 0 1 0 1 1 1 2 0 1 0 0 0 2 0 0 2 0 1 2 0 0 0 1 0 0 0 1 0
 1 1 1 0 0 2 2 2 0 0 0 0 1 0 1 0 2 1 0 0 0 1 1 1 0 1 0 1 1 1] 
.Accuracy: 0.1763.
--------------------------
Incorrect key: [1 1 1 0 1 0 1 2 1 0 1 2 2 0 1 0 0 1 0 2 0 1 1 1 0 0 0 0 1 1 1 1 2 0 0 2 0
 1 1 2 0 0 0 0 1 2 1 0 1 0 1 2 1 2 1 0 0 1 2 0 0 0 1 0 1 0 2 0 0 0 0 1 1 0
 2 2 0 1 0 0 0 0 0 1 2 0 1 1 1 0 1 1 0 2 1 1 2 0 1 0 0 1 0 0 1 2 0 1 1 0 1
 0 1 0 1 0 1 1 1 1 2 1 0 0 1 1 1 2 0 1 0 1 2 1 1 0 1 0 0 2 0 2 0 0 0 1 1 1
 0 0 1 0 0 0 1 1 0 0 1 0 0 1 0 1 1 1 0 2 2 1 0 1 0 1 0 1 1 1 0 2 0 1 1 0 1
 0 1 1 1 2 1 0 2 1 0 0 2 2 0 0 0 2 1 0 0 0 1 2 1 2 2 0 0 1 0 0 1 1 1 0 2 1
 0 0 1 0 0 0 1 1 1 2 1 1 1 1 1 0 0 2 0 1 1 1 0 0 1 0 0 2 1 1] 
.Accuracy: 0.1962.
--------------------------
Incorrect key: [0 2 1 1 0 0 0 0 0 1 1 0 0 0 1 0 0 1 0 1 1 1 1 1 0 1 1 1 0 1 0 0 1 1 2 0 1
 2 0 1 1 0 0 1 0 2 2 1 0 0 0 1 0 2 1 1 1 2 1 1 2 0 1 1 0 0 1 2 1 1 1 1 0 2
 0 0 1 0 2 2 0 1 1 1 1 1 2 1 0 1 0 2 1 0 1 0 0 0 0 0 2 2 1 1 1 1 2 2 1 0 1
 0 0 0 0 1 2 2 0 1 1 0 2 0 1 0 1 0 1 1 0 1 0 1 0 0 0 2 0 1 2 1 1 1 1 0 0 1
 1 1 2 0 0 2 1 0 1 1 1 2 1 1 1 0 0 0 1 1 0 2 0 1 0 0 2 0 0 1 2 0 2 0 0 2 1
 1 1 0 0 1 0 0 0 1 0 2 2 0 1 0 1 2 0 1 0 0 0 0 1 1 0 1 0 0 1 0 0 0 2 1 1 0
 1 0 0 0 1 1 0 0 1 1 0 1 1 0 2 0 1 1 0 1 0 2 2 1 1 0 0 0 1 1] 
.Accuracy: 0.16.
--------------------------
Incorrect key: [0 1 1 0 1 1 1 1 1 1 1 1 2 1 0 0 0 0 1 1 1 1 1 0 1 0 1 0 0 2 0 0 0 1 0 1 0
 1 0 2 0 1 1 0 0 0 0 0 1 0 2 1 0 1 0 1 0 0 1 0 1 2 1 0 1 1 0 0 0 1 0 1 1 0
 0 2 0 1 1 0 1 1 1 1 1 0 1 1 1 0 2 0 0 1 0 0 1 0 0 1 0 0 2 1 1 2 0 1 0 0 0
 2 0 1 2 0 0 2 1 0 1 0 1 0 0 2 0 0 0 0 1 1 2 1 0 2 1 0 0 1 0 1 1 0 2 0 1 1
 1 2 0 0 2 0 1 2 0 2 2 2 1 0 0 2 0 0 2 1 1 1 1 1 2 1 1 0 1 1 2 1 0 1 1 1 1
 0 0 2 1 1 1 1 2 1 2 2 1 0 1 1 2 1 1 2 0 1 1 0 0 1 0 2 0 0 1 0 2 0 1 1 1 2
 0 2 1 1 0 0 1 0 0 0 1 2 0 0 2 0 1 1 0 0 1 0 0 1 0 0 0 0 1 0] 
.Accuracy: 0.128.
--------------------------
Incorrect key: [1 1 1 1 0 1 1 1 0 0 0 1 1 0 1 0 2 1 0 2 1 0 2 1 0 0 0 1 0 1 2 1 2 0 0 1 1
 0 1 2 0 1 1 1 1 0 1 1 0 0 0 1 0 1 2 1 2 1 1 0 1 1 0 1 1 2 1 2 0 1 1 0 0 0
 0 0 1 2 0 1 0 1 0 1 1 2 2 0 1 1 2 0 0 0 1 0 0 0 2 1 2 0 1 0 2 0 0 0 1 0 2
 0 2 1 1 0 0 0 1 0 0 0 0 0 1 1 1 1 1 1 1 0 1 1 0 0 1 1 1 1 0 2 0 0 0 1 0 1
 1 0 0 1 0 0 0 1 2 0 1 0 1 1 2 1 1 0 0 1 2 1 2 1 0 2 0 0 2 0 1 0 1 1 1 0 1
 1 2 0 1 0 0 2 0 0 2 0 1 0 0 0 0 0 1 2 1 1 1 0 0 1 0 1 0 2 0 0 1 1 0 1 1 1
 1 2 2 0 0 0 1 2 2 0 1 1 0 0 2 1 0 0 0 2 1 0 0 1 1 1 1 1 0 2] 
.Accuracy: 0.1865.
--------------------------
Incorrect key: [2 0 0 0 2 1 0 1 1 0 1 2 2 0 0 0 0 1 2 1 0 1 1 0 1 0 2 1 0 1 2 1 0 1 1 1 1
 0 1 2 1 0 1 2 0 2 0 1 0 1 1 0 0 0 0 2 0 1 1 1 1 1 1 0 1 1 0 0 1 2 1 1 0 0
 1 1 0 0 0 2 1 1 2 1 0 1 1 0 0 2 0 1 1 1 1 0 1 0 1 0 0 1 0 1 0 2 0 1 0 1 1
 1 1 1 0 0 0 1 1 0 0 0 0 2 0 0 0 2 1 2 1 0 0 1 1 1 1 0 0 0 1 1 2 1 1 0 0 1
 2 0 0 1 0 0 2 0 1 0 0 0 1 0 1 1 0 0 1 1 0 0 1 0 1 0 1 0 0 1 2 0 2 0 0 0 1
 1 0 1 0 0 1 1 2 2 2 1 1 0 0 0 0 0 2 0 1 0 2 1 0 2 2 1 1 2 2 1 1 2 1 0 0 1
 2 0 0 1 2 1 0 1 0 0 0 1 0 0 1 1 0 0 1 1 2 1 1 0 1 1 0 1 2 1] 
.Accuracy: 0.1004.
--------------------------
Incorrect key: [0 0 1 2 1 1 0 2 0 0 1 1 1 0 0 0 0 0 0 2 1 1 2 1 0 0 1 0 1 1 1 1 0 0 2 1 0
 0 0 0 1 0 0 2 0 1 1 0 1 1 2 1 1 1 1 2 0 1 2 0 1 1 0 0 0 1 1 0 0 0 1 1 1 2
 2 0 0 0 2 1 0 1 0 2 0 1 1 0 0 0 1 0 0 1 0 0 1 1 2 0 0 2 1 0 0 1 1 1 1 0 0
 1 0 1 2 0 1 1 2 2 0 1 1 2 1 0 2 2 1 1 2 0 0 2 2 1 0 2 1 1 1 0 0 0 0 1 0 1
 2 1 0 1 1 2 0 0 2 0 0 1 1 1 1 1 1 2 1 1 0 1 0 1 1 1 1 0 1 0 0 0 0 1 1 1 1
 0 1 1 0 2 0 1 1 0 1 0 0 2 2 0 0 1 0 1 0 0 0 1 1 2 1 1 0 0 2 0 1 0 0 1 1 1
 0 0 0 0 2 1 1 1 1 1 0 1 2 0 0 1 0 1 1 1 1 2 0 0 0 0 0 2 0 0] 
.Accuracy: 0.1067.
--------------------------
Incorrect key: [2 0 0 1 1 2 0 1 1 1 0 1 0 0 1 1 1 1 1 1 1 2 0 0 1 2 1 1 1 0 0 1 1 0 1 0 2
 1 1 0 0 1 1 0 1 0 1 1 0 0 1 1 1 0 0 0 0 1 0 0 1 1 0 1 0 1 0 1 2 0 2 0 1 1
 0 1 1 1 2 2 0 1 1 2 0 2 0 0 1 1 1 1 0 1 1 0 0 1 0 0 1 1 1 1 1 1 2 1 0 2 0
 0 0 1 0 1 1 0 2 0 1 2 1 2 2 0 2 0 2 1 1 1 1 0 1 0 2 0 2 2 1 0 1 1 0 1 0 0
 0 0 0 1 0 0 2 2 2 0 2 1 0 0 0 0 1 2 1 0 1 0 0 1 0 1 2 0 1 0 0 1 0 0 0 2 2
 0 0 1 2 2 1 0 1 2 1 1 1 2 0 1 1 0 0 0 1 1 0 0 0 1 0 1 1 0 0 2 1 0 1 0 0 0
 1 0 0 0 1 1 0 1 1 1 0 2 1 0 1 0 1 2 1 2 0 0 1 0 0 1 0 0 0 0] 
.Accuracy: 0.0892.
--------------------------
Incorrect key: [2 1 1 1 0 1 0 0 1 0 1 1 0 0 1 1 1 2 1 1 1 0 0 1 0 1 0 0 1 1 0 0 0 1 1 0 2
 1 0 1 1 0 0 0 1 1 1 0 0 2 0 1 1 0 1 0 2 1 1 1 0 2 1 0 0 1 1 0 1 1 0 2 0 2
 2 2 0 1 1 1 2 1 0 0 0 0 0 1 1 0 0 1 0 2 0 0 0 1 1 0 1 0 0 0 0 0 0 1 1 1 0
 1 1 0 1 2 1 1 0 1 1 0 0 0 1 1 0 2 0 1 2 0 2 1 1 2 1 1 1 0 1 1 0 0 0 1 1 1
 0 2 0 0 0 1 1 2 2 1 0 0 0 1 0 0 0 1 1 0 0 0 2 0 1 1 0 0 0 0 1 1 2 2 2 0 1
 0 1 2 1 1 0 0 2 1 0 2 1 1 0 0 1 1 1 1 1 0 0 0 0 1 0 1 0 0 1 0 0 0 2 0 1 1
 2 0 0 1 2 1 2 1 0 1 1 0 0 1 1 0 2 2 2 2 0 0 1 2 0 1 1 2 1 2] 
.Accuracy: 0.1732.
--------------------------
Incorrect key: [0 1 0 1 1 1 0 0 1 1 2 0 0 1 0 1 2 1 0 1 2 0 0 2 1 1 2 0 2 1 0 0 1 0 0 1 1
 0 1 0 1 1 0 0 0 0 1 0 0 2 1 0 1 1 0 1 1 1 0 1 2 0 1 1 0 1 0 1 1 1 1 0 0 1
 0 1 0 2 0 1 2 0 1 0 1 0 0 1 2 1 2 0 1 0 0 2 1 1 0 2 1 1 0 1 0 2 1 0 1 2 0
 1 1 1 2 0 1 1 1 0 2 1 1 1 0 2 1 1 0 1 0 2 0 2 1 2 1 1 2 2 0 0 0 0 0 0 0 0
 0 1 0 0 0 1 0 2 2 2 0 1 0 1 2 1 1 0 0 1 0 0 1 0 0 0 0 0 0 1 2 0 1 0 1 2 1
 0 0 1 0 0 0 1 1 0 1 0 1 0 0 1 1 0 2 0 1 0 0 1 0 0 0 2 1 1 2 0 0 1 2 1 1 1
 1 1 1 1 0 1 1 0 0 2 2 1 0 1 1 1 0 1 1 2 0 0 2 1 0 0 1 1 0 1] 
.Accuracy: 0.1294.
--------------------------
Incorrect key: [1 0 0 0 0 2 1 1 0 2 1 1 1 0 1 0 0 1 1 0 1 1 0 2 2 0 0 2 1 0 0 1 1 0 0 1 0
 1 0 1 0 0 1 2 0 0 1 0 2 1 1 0 1 0 1 0 2 2 0 1 0 1 0 0 1 2 1 0 0 1 2 1 2 1
 0 2 1 1 0 0 2 1 0 0 0 1 2 0 1 1 2 2 1 0 1 0 0 0 1 0 1 1 1 1 1 0 0 1 0 1 1
 1 0 0 0 1 1 1 1 0 1 0 1 0 0 0 1 0 2 1 2 2 1 0 2 1 0 2 0 2 2 0 0 0 2 1 1 1
 0 1 0 2 1 0 1 1 1 0 0 1 2 2 1 2 0 0 0 1 0 0 1 2 2 1 1 1 0 0 0 1 1 0 0 0 2
 1 0 1 1 0 2 1 0 0 0 2 1 1 0 2 1 1 0 1 0 1 0 0 1 1 0 1 0 0 0 0 1 0 0 0 0 1
 1 0 0 1 1 1 1 1 1 1 0 1 2 0 1 1 0 0 1 0 0 1 2 2 1 0 1 1 1 0] 
.Accuracy: 0.1103.
--------------------------
Incorrect key: [1 0 2 0 0 1 1 2 0 2 0 1 1 2 1 1 0 1 1 0 1 2 0 2 0 2 2 1 2 1 1 0 0 0 1 0 2
 1 0 1 0 2 0 2 1 1 0 1 1 0 0 0 0 1 0 1 1 1 0 1 1 0 1 0 2 0 1 1 1 1 0 1 0 0
 1 1 0 2 0 0 0 1 0 0 0 1 0 1 0 2 1 0 0 1 1 1 0 1 1 1 0 1 0 2 0 2 1 1 1 1 0
 0 0 2 2 1 1 1 1 1 0 0 0 0 1 0 0 1 2 1 0 0 2 1 0 1 1 1 1 1 0 1 0 2 0 0 0 1
 1 2 2 1 1 1 0 1 1 2 0 0 1 0 1 0 1 0 0 0 0 1 1 1 1 1 1 0 0 0 2 1 2 0 1 0 0
 0 0 2 0 1 2 0 0 2 0 0 0 0 1 1 0 0 1 1 1 1 1 0 2 0 0 0 2 1 0 1 0 2 0 1 0 1
 0 1 1 0 1 0 0 1 1 2 1 1 0 2 0 1 2 0 1 0 2 1 1 2 0 1 0 0 1 0] 
.Accuracy: 0.1299.
--------------------------
Incorrect key: [0 1 2 2 0 2 2 0 0 0 0 0 0 0 1 0 0 1 1 1 2 1 0 0 0 0 1 2 0 1 1 0 0 1 0 1 0
 0 0 1 2 0 0 1 0 0 0 0 2 2 0 2 0 2 1 2 2 0 1 2 1 1 1 1 0 0 0 2 2 1 1 1 0 1
 2 1 2 0 1 1 1 1 0 2 0 2 2 1 1 0 0 1 1 2 0 1 1 1 1 0 1 1 0 0 0 0 1 1 1 0 0
 1 2 1 0 0 0 0 1 1 0 0 1 2 1 0 1 1 1 1 1 0 0 1 0 2 0 0 1 2 1 2 1 0 2 1 1 1
 0 1 0 1 0 1 1 0 0 1 0 1 1 1 0 0 0 0 0 1 0 1 2 0 1 1 2 0 0 0 1 0 0 1 1 1 0
 0 1 1 1 1 0 2 2 0 0 0 0 0 1 1 1 1 1 1 1 2 1 1 0 2 1 0 1 0 1 1 0 1 1 1 1 0
 1 2 1 0 0 1 0 1 1 0 2 1 0 0 0 0 0 0 1 1 0 2 0 2 0 1 1 1 0 0] 
.Accuracy: 0.1739.
--------------------------
Incorrect key: [1 1 1 0 1 1 1 0 0 1 1 0 1 1 0 0 1 1 0 2 2 1 0 0 0 1 1 2 1 1 1 1 0 0 0 0 1
 1 0 2 2 0 0 1 1 1 1 0 0 2 1 1 1 1 1 1 1 0 1 1 0 0 0 1 2 1 1 1 0 0 0 1 0 0
 1 1 0 0 0 2 0 1 1 1 1 1 0 2 0 1 2 1 0 0 0 0 0 0 0 1 1 0 2 2 0 1 2 1 2 0 2
 2 1 1 2 0 0 0 0 0 1 1 0 2 2 0 1 0 2 1 0 1 0 0 0 2 0 2 0 1 2 0 0 0 0 2 1 1
 0 2 0 1 0 1 1 0 1 0 1 0 1 2 1 0 1 0 2 1 1 0 1 0 2 0 0 0 1 0 0 2 1 0 1 1 1
 1 0 0 1 1 1 0 1 0 0 1 0 1 0 0 0 1 2 2 1 0 0 0 0 0 0 2 1 0 1 1 1 1 2 0 1 0
 0 1 0 1 0 1 1 1 0 0 1 1 2 2 1 2 1 2 0 2 0 0 1 0 0 1 1 1 1 0] 
.Accuracy: 0.0729.
--------------------------
Incorrect key: [1 0 2 0 2 0 1 0 2 0 1 0 1 1 1 1 0 0 0 0 1 0 0 0 1 1 0 0 0 1 0 1 1 0 0 1 1
 0 0 1 2 1 0 0 1 0 0 2 1 0 1 2 0 0 0 0 0 1 1 0 1 0 1 1 1 1 1 0 1 0 0 0 0 1
 0 2 2 0 1 0 1 1 0 0 2 2 0 0 0 1 1 2 1 1 1 1 0 2 1 1 0 1 2 0 1 1 2 0 1 0 1
 0 1 1 2 1 2 1 2 1 0 1 2 0 0 1 0 1 1 2 1 1 1 1 1 0 1 0 0 1 1 1 1 0 0 2 0 0
 1 0 0 0 1 0 1 0 1 0 2 0 2 0 2 0 1 1 0 1 1 2 0 2 1 0 1 1 2 0 0 1 1 1 0 0 1
 2 2 1 2 0 1 2 1 0 1 0 0 1 1 1 0 1 2 1 0 1 0 0 0 1 1 1 0 0 1 0 1 0 0 0 1 0
 0 0 2 2 0 1 2 2 1 1 0 0 1 1 1 2 0 1 2 0 0 1 1 0 2 0 0 1 1 0] 
.Accuracy: 0.1098.
--------------------------
Incorrect key: [2 0 1 0 1 0 0 1 0 0 0 1 1 0 0 2 0 1 2 1 0 1 1 1 1 0 2 1 1 0 0 0 0 0 2 1 1
 0 1 1 0 1 1 1 0 1 1 0 0 1 1 0 0 2 0 2 1 1 1 1 0 0 1 1 0 0 0 1 2 1 0 1 1 1
 1 1 0 2 0 0 0 0 0 1 0 1 1 1 0 0 1 1 1 1 0 0 0 2 0 0 0 1 1 1 1 1 2 0 0 1 1
 2 0 1 0 2 0 2 0 1 0 1 0 1 2 2 0 1 0 0 1 1 1 0 1 1 1 0 0 1 1 1 1 2 2 0 0 0
 1 0 1 2 0 0 1 1 2 0 2 1 0 0 1 2 0 1 0 2 0 0 1 1 0 0 1 2 2 0 1 2 1 0 0 0 1
 1 1 1 0 0 2 1 1 1 2 1 1 1 1 0 0 0 0 1 1 0 0 0 1 1 1 2 1 0 2 0 0 1 0 2 1 0
 0 0 0 0 2 0 1 2 1 1 1 2 2 0 2 0 0 0 1 0 1 1 2 1 0 0 1 0 2 0] 
.Accuracy: 0.3202.
--------------------------
Incorrect key: [2 2 0 0 1 1 0 2 1 1 0 1 0 0 1 0 1 1 1 0 2 1 1 1 2 0 2 1 0 2 1 1 0 1 0 0 2
 0 0 1 2 1 2 0 2 1 0 0 0 0 1 2 0 0 2 2 1 0 0 0 1 2 0 2 1 2 0 0 0 1 1 1 1 1
 0 1 1 0 1 0 1 1 1 0 0 1 0 1 1 0 0 0 1 2 0 2 0 0 1 1 0 0 0 1 1 1 0 2 0 0 0
 1 1 0 0 1 1 0 2 1 0 2 1 0 0 1 2 1 0 1 1 1 0 0 0 2 0 1 0 1 0 0 1 0 1 1 1 2
 1 1 0 0 1 1 1 1 1 0 0 0 2 1 1 2 1 1 2 2 1 1 0 2 0 1 1 1 2 0 1 0 1 0 1 1 0
 1 0 1 2 0 1 2 1 0 1 0 1 0 0 0 0 0 2 1 1 1 0 1 1 0 0 1 0 0 1 0 0 1 1 1 1 0
 1 0 1 1 0 0 2 0 2 2 1 1 0 0 0 0 0 0 1 0 0 1 0 0 0 1 0 1 2 1] 
.Accuracy: 0.18.
--------------------------
Incorrect key: [0 0 0 1 1 1 0 0 1 1 0 0 0 0 1 0 0 0 2 2 0 2 2 1 0 0 0 1 1 1 0 0 1 1 1 2 1
 1 0 0 0 2 1 0 0 2 0 0 1 0 0 1 1 0 1 1 1 1 1 1 1 1 1 2 2 0 0 1 0 1 0 2 0 1
 0 1 1 0 1 0 0 2 0 2 1 0 0 2 0 1 2 1 0 1 0 1 1 1 1 0 0 1 0 2 0 0 0 0 0 0 0
 2 1 2 0 2 1 2 0 0 2 0 1 0 0 2 2 0 0 1 0 1 1 1 1 1 1 0 0 1 2 0 2 1 1 0 2 1
 1 2 0 0 1 1 2 2 1 1 1 1 1 1 1 1 0 2 0 1 2 0 0 0 1 1 0 1 0 1 1 1 1 2 1 0 1
 0 0 0 1 0 1 1 1 0 0 0 0 0 1 1 0 1 1 1 1 0 0 0 0 0 1 0 1 1 0 0 0 0 0 2 1 0
 1 2 0 1 1 2 1 1 1 0 1 0 0 1 1 1 1 2 1 1 0 2 1 0 1 0 0 2 2 0] 
.Accuracy: 0.0769.
--------------------------
Incorrect key: [0 0 2 1 0 1 0 2 1 0 0 0 1 1 0 1 0 0 2 0 1 0 1 0 0 0 1 0 1 1 1 0 0 0 2 1 0
 0 1 0 0 0 0 1 2 0 1 1 0 1 0 1 2 1 0 0 1 1 1 0 2 0 0 0 0 1 2 0 1 0 0 1 0 1
 0 0 0 1 0 1 2 1 1 0 1 1 0 1 0 1 1 1 2 1 2 0 0 0 0 2 0 2 0 2 1 0 2 0 2 1 1
 1 1 1 0 1 0 2 0 1 0 1 1 0 0 1 0 1 0 2 2 1 1 2 2 1 0 0 1 0 1 1 1 0 2 1 0 1
 2 2 0 0 2 1 1 1 0 1 0 1 1 1 1 0 0 1 2 2 1 0 1 1 1 1 1 1 1 0 0 1 0 0 0 1 0
 0 0 1 1 1 0 1 0 1 1 1 0 0 1 1 1 0 2 2 1 1 0 1 1 1 0 2 0 2 0 1 0 1 0 1 2 0
 1 0 0 0 0 0 1 2 2 0 1 1 0 2 0 1 2 1 1 1 0 0 2 1 1 0 2 0 1 0] 
.Accuracy: 0.0887.
--------------------------
Incorrect key: [0 2 1 1 0 0 0 0 0 1 1 1 1 0 1 2 0 2 1 0 0 0 0 2 1 0 1 1 1 0 1 2 0 0 0 1 2
 0 2 1 0 1 2 0 0 1 0 2 1 1 2 1 0 1 1 0 1 0 0 1 1 0 0 2 1 0 1 1 1 1 1 1 0 1
 1 0 0 1 0 1 0 0 2 0 1 2 1 0 1 2 1 0 0 1 1 0 1 0 2 0 1 1 0 1 0 1 2 1 1 0 0
 0 0 1 1 2 1 1 1 0 0 2 1 0 0 0 1 2 1 0 1 0 2 1 0 0 1 1 0 0 1 0 2 1 2 1 0 0
 0 0 0 0 1 0 1 2 1 0 0 1 2 1 1 1 0 1 2 2 0 1 1 1 2 0 0 0 0 0 1 0 2 2 1 1 2
 1 0 0 0 1 0 1 1 0 1 1 2 1 1 1 0 0 0 1 0 0 1 1 2 0 0 0 0 0 0 1 2 0 2 1 1 1
 1 1 1 0 1 1 2 1 1 0 0 2 0 0 0 1 2 0 0 0 0 1 1 0 2 0 1 1 0 1] 
.Accuracy: 0.0967.
--------------------------
Incorrect key: [0 0 1 2 2 0 0 2 1 1 0 2 0 1 0 0 1 1 0 1 1 0 2 0 1 0 0 2 0 1 1 0 1 0 0 0 1
 2 0 1 0 0 1 0 0 1 0 1 1 0 2 0 1 0 1 1 0 0 1 0 1 0 2 1 1 0 0 1 1 1 0 0 0 0
 0 0 1 1 1 1 0 1 1 0 2 1 0 1 1 1 0 2 2 0 0 1 2 0 1 0 2 1 0 0 2 0 1 1 0 2 0
 1 2 2 1 0 0 0 1 0 1 1 2 1 2 0 0 0 1 1 0 2 0 1 2 0 0 1 0 0 1 1 2 0 1 2 0 1
 0 0 0 0 0 1 2 1 2 1 0 0 2 1 1 1 1 1 1 1 0 0 1 1 2 1 0 0 1 0 1 1 0 1 1 0 1
 0 0 1 0 1 0 0 0 1 0 1 1 1 0 1 1 2 1 0 0 0 0 0 1 0 1 1 1 2 0 0 0 0 1 2 1 1
 1 2 1 2 0 0 2 2 1 0 0 1 2 1 1 0 1 0 1 0 2 1 1 1 0 1 1 2 1 1] 
.Accuracy: 0.162.
--------------------------
Incorrect key: [0 0 2 0 1 2 1 0 0 2 0 0 0 0 0 1 1 0 0 1 0 1 1 0 1 1 0 0 1 1 1 0 2 1 2 2 0
 0 0 0 2 1 0 0 0 1 1 0 0 1 1 1 2 1 1 1 2 1 0 2 2 0 1 1 1 0 1 0 1 0 2 0 0 0
 0 1 0 0 1 0 1 0 2 1 1 1 0 1 0 2 1 1 0 2 2 1 1 0 0 1 0 1 1 0 1 0 1 0 0 0 1
 1 1 1 0 1 0 1 2 0 0 0 1 0 0 1 1 0 0 2 1 0 0 0 2 1 1 1 0 0 1 1 1 1 0 1 0 2
 2 1 0 1 1 1 1 0 1 0 0 0 1 2 1 2 0 0 0 0 0 0 0 1 0 1 2 0 0 1 1 1 0 1 0 0 1
 0 2 0 1 1 1 1 2 0 1 1 2 1 0 1 2 2 0 0 0 1 0 0 1 1 1 0 0 1 2 1 2 1 0 1 1 0
 1 1 1 1 1 1 0 0 2 1 1 2 0 0 0 2 2 1 1 2 1 0 0 0 1 2 2 0 0 1] 
.Accuracy: 0.112.
--------------------------
Incorrect key: [0 0 0 0 1 0 0 0 2 0 2 0 2 1 2 1 1 0 0 2 1 0 0 1 0 0 0 1 2 0 1 1 1 2 1 0 0
 0 0 1 1 1 0 1 0 0 0 0 0 1 0 1 1 0 1 0 1 2 0 0 0 2 1 0 1 1 1 1 0 2 0 0 1 1
 1 1 0 0 1 0 1 0 1 0 1 1 1 1 2 2 1 1 2 1 0 1 1 1 0 1 1 1 0 0 1 0 0 0 0 1 2
 1 0 2 0 0 0 1 0 1 0 0 0 0 2 0 2 0 0 1 1 1 2 0 2 0 2 2 1 1 1 1 2 1 1 1 1 2
 2 0 0 1 2 1 0 1 1 1 1 1 0 1 1 0 0 1 0 2 0 0 0 1 1 0 0 1 0 1 0 1 1 1 0 1 0
 0 1 0 1 2 2 1 1 2 0 1 1 1 1 0 0 1 0 1 2 1 0 1 0 1 1 1 1 0 1 1 0 2 0 0 1 0
 2 0 1 1 0 0 2 0 0 0 0 2 0 1 1 0 1 1 2 1 0 0 0 2 2 2 1 1 0 0] 
.Accuracy: 0.1191.
--------------------------
Incorrect key: [2 0 2 1 0 0 1 1 1 2 0 0 1 0 0 1 1 2 1 1 0 0 0 0 2 1 0 2 0 2 1 0 0 2 0 1 1
 0 1 0 2 2 0 1 0 1 1 2 1 0 1 1 0 1 1 0 1 0 1 0 0 1 1 1 0 1 1 1 0 2 2 1 1 0
 2 1 2 0 1 0 0 2 1 1 0 1 1 1 0 0 1 1 0 0 1 2 1 0 1 0 0 2 1 0 1 1 0 1 1 1 0
 0 1 1 0 1 0 0 0 0 1 2 0 0 0 1 0 0 2 1 1 0 1 1 0 1 0 1 1 2 0 2 1 1 1 0 2 0
 1 0 0 2 1 1 0 1 0 1 1 0 1 0 2 2 0 0 1 0 0 1 1 0 1 1 2 1 0 0 1 0 1 1 2 2 1
 0 2 0 1 0 0 2 1 0 0 1 1 0 0 2 1 0 2 1 1 0 1 0 1 0 2 0 0 0 1 1 1 0 0 0 0 1
 0 1 1 0 1 0 2 0 2 1 1 1 2 0 1 0 0 0 0 1 0 1 1 1 0 0 0 1 2 0] 
.Accuracy: 0.1095.
--------------------------
Incorrect key: [0 0 0 1 0 1 1 0 1 1 1 1 1 2 1 0 0 0 1 0 1 0 1 0 1 0 1 1 1 1 1 1 0 0 0 0 0
 0 0 0 0 1 2 0 1 0 0 1 0 1 1 1 2 0 1 0 0 1 2 1 0 1 1 1 0 2 2 0 1 0 1 0 1 1
 0 2 0 0 1 1 0 2 0 0 0 0 1 1 1 1 0 0 1 1 1 0 2 0 2 0 0 0 1 1 2 1 1 2 0 1 1
 1 0 2 0 1 0 0 1 0 0 0 2 0 1 1 1 1 1 1 0 0 1 2 2 1 1 1 0 1 0 1 1 1 2 0 1 1
 2 0 1 0 1 1 2 1 0 0 2 1 1 2 0 0 0 0 1 1 1 0 1 2 1 0 0 0 0 0 0 2 2 2 2 1 0
 0 0 2 0 1 2 0 1 0 0 0 0 0 0 1 1 1 0 1 0 2 1 0 2 1 0 1 1 0 1 1 0 0 1 2 0 1
 1 0 0 1 0 1 0 0 1 2 1 1 2 1 1 1 1 0 1 2 2 0 0 0 2 1 2 0 0 2] 
.Accuracy: 0.1139.
--------------------------
Incorrect key: [1 1 0 2 0 1 1 2 2 2 1 0 0 1 1 0 1 2 0 1 0 1 1 0 0 0 1 0 0 1 0 0 2 1 2 0 0
 2 0 0 1 1 0 0 1 1 1 1 1 1 0 0 1 2 1 0 1 0 1 2 1 1 2 1 1 0 2 1 1 1 0 0 0 1
 1 0 0 1 1 0 1 1 1 1 1 1 0 2 0 0 2 1 2 0 0 2 1 1 1 1 0 0 1 0 2 0 0 0 0 2 2
 1 1 0 0 1 0 0 0 1 0 1 2 2 0 0 2 2 0 0 1 1 0 1 1 0 0 0 0 0 2 2 1 0 0 1 1 2
 1 0 0 1 1 0 0 1 0 2 0 2 0 0 0 1 1 0 1 1 0 0 0 1 1 2 0 2 1 0 1 0 0 0 1 1 0
 1 0 2 1 1 1 1 2 0 0 1 1 0 0 1 0 1 1 0 1 1 1 0 0 1 0 1 1 2 1 0 2 1 0 1 1 0
 0 1 1 1 0 1 0 0 1 1 2 0 0 1 1 2 1 0 1 0 0 0 2 1 0 2 0 0 0 1] 
.Accuracy: 0.1283.
--------------------------
Incorrect key: [0 1 1 1 2 0 0 1 0 0 1 0 2 0 1 0 1 2 0 0 2 2 0 0 1 1 1 2 1 1 0 0 0 2 1 1 1
 0 0 0 1 1 1 1 1 2 1 2 0 0 2 0 1 0 1 0 1 1 0 0 1 0 0 0 0 1 1 1 0 1 1 0 2 1
 0 1 0 1 1 2 1 1 1 1 1 1 2 0 0 1 0 1 1 1 0 0 1 1 0 0 0 1 1 0 1 0 0 2 2 0 2
 1 1 0 0 1 0 1 1 1 0 1 0 2 1 2 0 1 1 0 1 0 1 1 1 0 0 0 0 0 2 0 0 1 2 2 1 0
 1 1 1 1 0 1 1 1 0 2 1 0 0 1 1 2 0 1 2 1 2 1 1 0 0 0 0 0 1 2 0 1 1 1 2 0 0
 1 0 0 0 0 0 1 0 1 0 0 0 1 2 1 1 2 1 1 0 1 0 0 1 2 0 0 0 0 2 0 0 1 1 0 0 1
 2 2 0 1 1 1 0 2 1 0 0 1 1 2 0 2 1 2 0 0 0 1 0 0 0 1 0 0 1 2] 
.Accuracy: 0.1097.
--------------------------
Incorrect key: [0 0 1 0 0 1 0 0 0 1 1 2 0 0 1 2 1 0 0 0 1 0 1 0 1 0 0 0 0 1 0 1 0 0 0 1 1
 0 1 1 2 1 0 0 1 1 2 0 0 0 1 0 2 1 0 1 1 0 0 2 0 1 1 0 0 0 0 0 2 1 2 1 0 1
 2 1 1 2 0 1 1 1 1 0 1 1 1 0 0 0 0 2 0 0 0 1 2 1 0 0 1 0 1 0 1 0 1 1 0 0 2
 2 0 0 1 1 1 2 0 2 1 1 1 1 2 1 1 1 1 0 2 1 0 1 0 1 1 2 0 2 0 0 0 0 1 0 2 2
 0 2 0 1 1 0 0 0 2 1 1 1 0 1 1 1 1 0 0 1 0 0 1 0 2 1 2 1 1 0 1 1 0 1 2 0 2
 1 1 0 0 1 2 0 1 0 1 2 0 1 1 0 1 1 2 1 0 1 0 2 0 1 0 2 1 1 2 2 1 1 0 0 1 0
 0 1 0 1 1 1 2 1 0 0 1 0 1 1 0 0 0 1 1 0 2 0 1 0 2 0 1 1 0 1] 
.Accuracy: 0.0899.
--------------------------
Incorrect key: [1 0 1 0 0 1 2 0 1 1 0 0 0 0 0 1 0 1 1 1 2 0 0 1 0 2 2 1 0 1 1 0 1 0 0 2 2
 0 0 1 0 2 1 1 0 1 1 0 0 0 1 2 0 1 1 1 0 0 0 2 1 0 0 2 2 2 0 1 0 1 1 1 2 0
 0 1 2 0 0 0 2 2 1 0 2 1 0 2 1 1 0 1 0 0 1 1 1 0 2 1 0 0 1 1 0 1 1 1 1 1 0
 1 1 1 0 1 1 1 0 0 0 1 1 0 1 2 1 1 2 0 1 0 0 1 1 1 0 0 0 0 1 2 1 2 0 1 1 1
 2 1 0 0 1 0 1 1 1 1 1 0 2 1 1 0 1 0 1 1 1 1 0 0 1 2 1 0 1 1 1 0 0 2 1 0 0
 1 0 2 0 1 1 1 0 0 2 1 0 2 2 0 0 0 1 2 0 1 0 2 0 2 0 0 1 0 0 1 1 1 0 2 0 0
 0 0 0 2 0 2 1 0 2 0 1 1 1 0 1 1 1 0 1 0 1 0 1 0 0 0 0 0 1 0] 
.Accuracy: 0.1314.
--------------------------
Incorrect key: [0 0 1 1 1 1 0 1 0 2 2 1 1 1 2 0 1 1 1 1 1 1 1 0 1 0 0 1 1 1 0 0 0 1 1 1 1
 0 1 0 1 2 1 0 0 0 0 0 1 0 2 1 1 1 0 1 0 0 0 0 0 0 0 0 0 1 2 0 2 0 2 1 0 0
 1 2 2 2 0 0 2 0 0 2 0 0 1 0 0 0 0 1 1 0 0 0 1 2 0 0 0 2 0 0 1 0 1 2 1 0 0
 0 0 0 0 0 0 0 1 0 1 0 1 1 0 0 1 1 1 2 1 1 1 2 0 0 1 0 0 1 0 2 2 0 1 1 0 2
 0 1 0 1 1 2 1 1 2 0 0 1 0 1 0 0 1 1 1 1 1 1 0 0 0 1 0 1 1 1 1 1 1 1 1 1 0
 0 1 0 1 1 1 0 1 0 1 0 2 0 0 1 2 0 1 0 0 0 2 1 1 1 1 1 1 1 2 0 0 0 1 0 1 2
 0 2 1 0 2 1 1 1 0 2 1 2 0 2 0 1 1 1 1 2 2 2 2 1 2 0 1 0 1 0] 
.Accuracy: 0.1519.
--------------------------
Incorrect key: [0 0 0 1 1 0 0 1 0 1 1 0 2 1 1 0 1 2 0 2 2 0 0 0 0 0 0 2 2 2 0 0 0 0 1 0 0
 0 0 2 0 0 0 2 0 1 1 0 0 0 2 0 1 0 2 1 2 0 0 1 2 1 1 1 0 1 0 0 0 0 0 0 1 1
 1 0 1 1 0 1 1 1 0 0 1 0 0 2 1 1 1 0 1 0 1 1 1 1 2 1 0 1 0 1 1 1 0 1 1 0 0
 2 1 2 1 1 1 0 1 2 0 1 1 2 1 2 1 0 0 1 0 1 1 2 1 1 2 0 1 0 0 1 0 0 0 0 0 1
 1 0 0 1 1 0 1 0 1 2 0 2 1 2 1 1 0 1 0 2 1 1 0 0 1 1 1 0 1 1 0 0 1 0 0 2 1
 1 0 1 0 1 0 1 1 1 1 2 1 0 0 0 1 1 0 0 2 0 1 1 1 1 2 0 0 2 2 0 2 0 0 0 0 0
 0 1 0 1 2 2 1 1 1 1 0 1 1 1 0 0 1 0 1 2 1 1 0 2 1 0 0 2 1 1] 
.Accuracy: 0.0868.
--------------------------
Incorrect key: [1 1 0 0 0 1 1 1 2 0 1 0 1 1 0 0 0 1 1 1 0 2 2 0 0 1 0 2 0 1 1 1 1 1 0 1 1
 2 0 1 0 0 1 1 1 1 0 1 1 0 0 2 1 0 0 1 1 0 0 0 0 0 2 2 0 1 1 2 1 0 0 1 0 0
 2 0 0 0 1 1 0 1 0 1 0 1 0 0 0 0 0 0 1 0 1 0 0 0 2 1 1 1 2 0 1 1 1 0 0 2 0
 0 0 1 2 1 1 1 1 0 0 1 1 0 0 0 1 2 0 1 2 1 2 1 0 1 1 0 2 1 0 0 2 1 1 0 0 0
 0 0 1 1 1 0 1 2 2 0 1 2 0 1 0 1 2 1 1 0 0 0 0 0 1 1 0 2 0 1 2 1 0 1 1 1 1
 1 0 0 0 0 1 0 2 2 2 2 1 1 1 0 0 2 1 0 0 0 1 2 0 1 0 1 0 1 1 1 1 1 0 2 1 1
 1 1 0 1 0 0 0 0 1 0 2 2 0 2 1 0 1 1 1 2 2 1 1 0 1 2 0 0 0 1] 
.Accuracy: 0.1063.
--------------------------
Incorrect key: [0 2 2 0 1 0 0 0 1 0 2 2 2 2 1 0 1 1 0 1 2 1 2 0 0 0 0 1 0 0 1 1 1 0 2 0 2
 1 1 0 0 0 1 0 1 1 1 0 0 0 0 2 1 2 1 1 0 0 0 2 1 1 0 1 0 1 0 1 0 0 1 0 1 1
 1 0 0 0 1 1 0 1 1 0 1 1 1 0 0 1 0 0 0 0 1 0 0 0 0 0 2 1 0 1 0 0 1 1 0 0 1
 0 0 0 0 0 0 1 2 1 2 0 0 2 0 0 2 0 2 1 1 0 2 1 1 2 2 1 1 1 2 2 1 0 2 1 1 1
 1 1 2 1 1 0 1 0 0 2 2 1 0 2 1 1 2 0 2 0 1 0 0 0 1 1 1 0 0 0 1 0 1 1 2 0 1
 1 0 2 1 0 0 1 1 1 0 0 1 1 1 1 1 1 0 0 0 0 0 1 1 1 1 0 0 1 1 1 0 1 1 0 1 2
 0 1 1 0 0 1 1 0 2 0 0 1 1 1 1 1 0 0 1 1 1 2 0 2 0 1 1 0 2 0] 
.Accuracy: 0.1089.
--------------------------
Incorrect key: [1 0 1 1 2 2 1 2 0 2 2 0 1 0 2 0 1 2 1 0 1 2 1 2 1 0 0 1 0 0 0 2 0 1 1 2 1
 0 0 0 1 1 0 1 1 1 1 2 0 1 0 0 0 0 0 1 1 1 2 0 0 1 0 1 0 1 1 0 1 0 0 2 0 2
 1 0 1 0 1 0 0 2 1 0 0 0 2 0 1 0 1 2 1 0 1 2 0 2 1 0 0 1 1 0 1 1 0 2 1 0 1
 0 2 0 0 0 0 1 0 0 0 2 1 2 1 1 1 2 1 1 1 1 0 0 1 0 2 0 1 0 1 1 0 0 0 2 0 0
 0 0 0 1 1 2 0 2 0 1 1 1 2 1 0 0 0 0 1 1 0 0 0 0 0 1 1 0 2 1 1 0 1 1 1 0 1
 1 0 1 0 1 0 1 1 2 0 1 0 1 0 1 1 1 1 0 0 0 1 1 0 1 1 0 0 1 1 1 0 0 1 1 0 1
 1 2 2 1 1 1 0 0 0 2 0 1 2 0 1 1 0 1 0 0 1 0 0 0 1 1 1 2 1 2] 
.Accuracy: 0.237.
--------------------------
Incorrect key: [0 0 0 0 1 1 1 0 2 1 1 0 1 0 2 1 0 1 0 0 1 0 2 0 1 2 1 2 1 0 2 0 1 2 0 1 2
 0 1 0 2 0 0 1 1 0 0 0 1 1 1 0 2 0 1 1 0 0 1 2 0 0 1 0 1 1 0 0 1 1 1 1 0 1
 1 1 1 2 2 2 1 1 0 0 0 0 2 0 2 1 1 2 0 2 1 1 0 0 2 0 0 1 0 1 0 1 2 0 1 0 0
 1 1 0 0 0 0 0 0 1 1 0 1 1 1 0 0 1 1 1 1 0 0 2 1 0 0 2 0 1 1 2 0 1 0 1 0 0
 1 1 1 1 0 1 1 0 0 2 0 1 0 1 0 0 1 1 2 0 1 2 1 0 0 1 1 2 2 1 1 1 1 1 1 0 0
 1 0 1 2 2 1 0 0 0 1 0 0 1 0 0 1 0 2 1 2 1 0 1 0 0 0 1 0 1 0 1 1 0 1 0 1 1
 0 0 1 0 0 1 2 1 0 1 0 1 2 0 2 2 1 1 1 0 2 0 0 0 1 0 0 1 1 2] 
.Accuracy: 0.0991.
--------------------------
Incorrect key: [2 1 1 1 0 0 1 0 1 0 2 0 0 0 1 1 0 0 1 0 2 2 1 0 2 1 0 1 1 2 0 0 0 1 1 0 0
 1 1 0 1 1 2 2 2 0 0 0 2 2 2 1 2 1 0 1 1 0 1 0 1 0 1 1 0 1 2 2 0 0 0 0 2 0
 0 0 2 0 1 0 0 2 0 2 1 1 0 1 1 0 2 2 1 1 2 1 2 1 0 1 2 0 0 1 1 1 0 0 1 1 1
 1 1 2 1 0 2 0 1 0 1 2 0 1 0 0 0 2 1 1 1 1 0 0 0 2 0 1 1 0 1 0 0 0 0 1 1 1
 1 1 0 0 1 2 0 1 1 0 1 0 0 1 1 1 1 0 1 0 0 1 1 0 0 1 2 0 0 1 0 1 0 1 0 0 1
 0 0 0 1 1 1 0 0 2 0 1 1 1 1 1 0 1 1 2 1 0 0 1 0 1 0 1 0 0 2 0 0 1 0 1 1 0
 1 0 0 0 1 0 0 1 1 1 2 1 0 0 0 2 1 0 2 0 0 1 2 1 0 1 1 1 1 0] 
.Accuracy: 0.1178.
--------------------------
Incorrect key: [2 0 1 1 2 1 0 0 2 0 0 0 1 2 0 0 0 0 1 0 0 1 1 1 0 2 0 1 0 1 1 0 1 2 0 1 2
 0 0 1 1 0 0 0 0 1 1 0 0 0 1 2 0 1 0 1 2 0 0 1 0 1 0 0 2 1 1 1 1 1 2 1 1 1
 0 0 0 2 2 0 0 1 2 0 0 1 1 0 0 1 0 1 1 1 2 0 1 1 2 1 0 1 1 0 1 0 0 0 0 1 0
 1 0 0 0 1 0 0 1 0 0 0 1 0 1 0 2 0 0 1 0 2 1 0 1 1 1 0 1 0 1 2 0 2 1 0 1 1
 1 1 1 1 2 0 0 0 2 0 1 1 1 0 1 0 0 1 2 0 0 1 2 1 0 0 1 2 1 1 0 2 2 1 0 1 1
 1 2 0 1 1 0 1 2 0 0 0 2 1 1 0 1 2 1 0 0 1 1 0 0 0 1 1 2 1 0 0 1 1 1 2 1 0
 0 0 1 0 0 1 0 0 1 1 2 1 1 1 1 0 2 0 1 1 2 1 0 0 2 1 1 1 2 0] 
.Accuracy: 0.2155.
--------------------------
Incorrect key: [0 1 1 2 0 1 1 0 1 0 0 1 0 1 0 0 0 1 0 0 0 1 1 1 2 1 2 1 1 1 1 0 0 0 1 1 2
 1 2 2 2 1 0 0 0 1 0 0 1 1 0 2 0 0 1 1 0 1 2 2 0 2 0 0 0 0 1 2 2 1 0 2 1 1
 0 1 1 0 1 1 0 1 1 2 0 2 0 0 2 1 1 1 0 1 0 0 0 1 0 1 2 1 1 0 0 0 0 1 0 0 1
 1 0 1 2 0 1 0 1 1 0 0 0 2 1 1 1 1 1 2 1 0 0 1 0 1 2 0 1 1 1 0 1 0 0 2 1 0
 2 0 1 2 1 0 1 2 1 0 1 2 1 1 0 1 1 0 1 1 0 1 2 1 0 2 2 0 2 0 1 0 1 0 2 2 1
 1 2 0 0 0 1 2 0 2 0 1 0 1 0 0 0 0 1 0 0 0 0 0 1 1 0 0 1 1 0 0 0 1 1 1 0 0
 1 0 1 0 0 1 1 0 0 0 1 0 2 0 0 0 1 1 1 1 1 0 1 0 1 0 1 1 2 1] 
.Accuracy: 0.1362.
--------------------------
Incorrect key: [0 0 0 2 1 1 2 0 1 1 1 1 1 0 1 2 0 0 0 1 0 1 0 1 0 0 0 0 0 0 0 0 2 1 2 2 0
 2 2 1 2 1 0 0 0 0 0 1 0 1 2 2 1 0 1 0 0 1 0 2 2 0 1 0 1 0 0 0 1 2 0 1 2 1
 0 1 0 0 1 0 1 2 1 1 0 1 1 0 0 1 0 1 1 0 2 0 2 0 1 2 0 0 0 1 1 0 1 1 1 0 0
 0 0 1 1 0 0 1 1 1 0 2 1 1 1 1 1 0 0 1 1 0 1 1 0 2 0 0 1 1 0 1 1 1 1 0 1 1
 0 1 1 0 0 1 1 1 0 1 1 1 0 0 1 0 2 1 0 0 0 2 1 1 1 1 1 0 0 0 1 2 0 1 2 0 0
 1 1 1 0 1 2 0 1 2 1 1 2 1 1 0 2 2 1 0 0 1 0 1 0 2 2 0 1 0 0 0 0 0 0 1 0 1
 0 0 1 1 1 2 1 0 0 1 2 2 0 1 2 0 1 1 1 0 0 1 0 2 1 1 0 1 2 0] 
.Accuracy: 0.1045.
--------------------------
Incorrect key: [0 1 0 1 1 0 1 1 0 2 1 1 0 0 1 2 1 0 1 1 0 0 0 2 0 0 0 0 1 2 0 2 1 1 1 1 1
 0 0 1 2 0 2 1 2 1 2 0 0 1 0 1 0 0 0 1 0 2 0 0 1 0 0 1 1 1 0 1 1 2 1 0 2 0
 0 1 0 0 1 1 0 1 1 1 1 0 0 0 0 1 1 0 1 0 0 0 2 1 0 1 0 1 2 1 1 0 0 0 1 0 1
 0 0 1 1 1 1 0 1 1 1 0 0 1 1 2 2 0 1 1 0 1 1 2 0 0 1 1 1 0 0 1 1 0 1 2 1 0
 0 0 1 2 0 1 1 0 2 1 0 1 0 1 0 0 0 0 0 2 2 0 0 1 1 1 2 2 0 1 0 2 0 1 0 2 2
 1 0 0 0 1 0 0 0 1 1 1 2 0 2 1 0 0 0 0 1 1 1 0 1 1 1 2 2 0 0 0 2 1 0 0 1 2
 1 1 1 2 1 1 0 1 0 0 0 1 1 0 1 1 0 1 0 1 0 2 2 2 0 2 1 1 1 0] 
.Accuracy: 0.1129.
--------------------------
Incorrect key: [0 2 0 0 2 1 0 1 2 1 0 1 1 1 1 0 1 1 0 1 0 2 0 0 1 2 2 1 0 2 1 0 0 0 1 1 1
 1 1 0 0 1 0 0 1 1 1 1 0 0 2 0 1 1 2 0 2 0 0 1 2 1 1 0 1 1 0 1 0 1 2 1 0 0
 1 2 0 0 0 2 0 1 1 0 0 0 0 1 0 0 0 1 1 0 1 2 0 1 2 2 0 0 0 2 0 1 0 1 1 0 1
 0 0 2 1 1 0 1 0 2 1 1 1 0 2 1 1 0 1 1 0 1 1 0 1 1 0 1 1 1 0 2 2 1 0 1 1 0
 0 2 0 0 1 0 2 1 0 2 1 1 0 1 1 0 1 1 0 1 2 1 0 0 1 1 0 2 0 0 0 0 0 0 2 2 1
 1 1 2 0 0 2 1 1 2 1 1 1 0 1 0 0 1 1 0 1 1 0 0 0 1 1 2 1 1 0 0 0 1 0 0 1 0
 0 0 1 1 0 0 0 2 0 1 0 1 0 0 1 2 1 1 0 0 2 0 1 1 0 0 2 0 1 1] 
.Accuracy: 0.1046.
--------------------------
Incorrect key: [0 0 1 0 2 0 0 0 0 1 2 1 1 0 2 0 0 1 0 1 2 0 1 2 0 1 1 0 0 1 0 2 1 1 0 0 1
 0 1 0 1 0 0 1 1 0 1 1 0 0 1 0 2 1 0 0 2 1 1 0 0 1 1 1 1 0 1 1 1 0 1 1 0 1
 2 2 1 1 0 0 1 1 2 1 0 0 1 0 0 1 0 2 0 2 0 1 0 0 0 0 1 0 2 1 1 1 1 1 1 0 1
 1 0 0 0 0 1 0 1 1 2 0 0 0 0 0 0 1 0 2 2 0 1 0 0 0 0 2 0 0 1 0 0 2 1 0 1 1
 1 0 0 1 2 0 1 1 2 1 2 2 2 1 1 0 0 0 1 0 0 1 0 0 2 1 2 0 1 1 0 1 1 2 0 0 1
 0 0 0 2 0 2 0 0 2 0 1 1 0 1 0 1 1 1 1 1 0 0 1 1 1 1 1 1 1 2 0 1 1 1 1 0 2
 2 1 1 1 1 1 0 0 1 2 2 0 0 1 2 0 1 0 1 0 1 2 1 0 1 2 1 1 0 0] 
.Accuracy: 0.1204.
--------------------------
Incorrect key: [0 0 2 0 1 1 1 0 0 0 2 0 1 1 0 0 1 2 0 0 1 1 1 0 0 0 1 1 0 0 1 1 1 0 0 2 1
 1 0 0 0 0 1 0 1 0 2 1 2 1 1 1 0 2 1 1 1 0 0 1 0 0 0 1 0 1 0 0 0 0 1 0 1 1
 1 1 0 1 2 2 1 1 2 0 0 0 0 0 0 1 2 0 2 2 0 1 1 0 0 0 0 1 1 0 0 2 1 0 0 0 1
 1 2 0 1 1 1 0 1 1 1 1 0 0 2 2 1 0 1 0 0 1 2 1 1 0 0 0 0 0 0 2 0 1 1 1 0 0
 1 1 2 2 1 0 1 1 1 0 2 1 1 0 1 0 1 0 1 1 2 1 2 1 0 0 0 2 0 1 1 0 0 0 0 0 0
 0 0 0 2 0 1 0 1 0 0 1 1 1 1 1 0 1 0 1 1 1 2 0 2 0 1 1 1 0 0 0 2 2 1 1 0 0
 1 1 1 1 2 1 1 0 1 2 1 1 1 2 2 0 1 2 2 2 1 2 1 0 1 0 1 0 0 1] 
.Accuracy: 0.1175.
--------------------------
Incorrect key: [0 2 1 1 1 0 1 0 1 1 0 1 0 0 0 1 0 1 0 0 0 1 0 1 1 1 0 2 0 0 0 0 1 0 0 2 0
 1 1 0 2 1 2 1 0 0 0 0 0 1 0 1 1 1 0 0 0 1 2 0 1 0 1 0 2 0 0 1 0 1 1 1 0 1
 1 1 1 1 1 1 2 1 0 0 0 1 0 1 1 2 2 1 0 0 1 1 0 0 0 1 0 0 0 0 0 1 0 1 1 1 0
 2 1 0 0 1 1 2 1 1 1 2 0 1 1 2 1 0 0 0 0 2 0 0 1 2 2 1 0 0 0 0 0 1 1 0 1 1
 1 0 2 1 1 0 0 2 0 1 1 2 1 1 0 0 0 1 0 1 1 1 2 2 0 1 0 2 0 0 0 0 2 1 0 1 2
 1 2 1 1 1 1 2 0 1 1 0 2 0 0 0 1 0 1 0 0 1 1 0 1 1 2 0 0 1 1 1 1 1 0 1 0 0
 0 1 1 0 1 0 1 2 1 1 0 2 1 2 0 2 1 2 0 0 2 0 2 2 1 0 0 1 2 1] 
.Accuracy: 0.0977.
--------------------------
Incorrect key: [0 2 0 0 1 1 1 0 0 0 1 1 1 0 0 2 0 0 1 1 1 1 1 2 2 1 2 2 1 0 1 1 0 1 0 0 0
 1 0 2 1 0 0 1 0 0 2 1 0 1 1 1 2 2 2 1 1 1 0 1 1 1 2 1 2 1 0 2 1 2 2 2 0 0
 0 0 1 0 0 0 1 0 0 0 1 1 2 0 1 0 0 0 1 1 1 1 1 1 0 1 1 1 1 0 0 0 1 1 1 0 0
 1 1 1 1 0 0 0 0 1 1 0 0 0 1 0 1 1 0 1 2 0 1 0 1 0 1 0 0 2 2 0 1 0 0 0 0 0
 1 1 1 2 1 0 0 1 0 1 0 1 0 1 2 1 0 2 1 1 0 2 0 1 1 2 0 1 0 0 1 2 0 1 0 1 0
 1 0 2 2 0 1 1 0 1 1 1 1 0 2 2 0 1 0 0 1 1 0 0 0 2 2 1 0 0 0 1 1 0 0 1 2 1
 1 1 0 0 2 0 0 0 1 0 1 0 2 0 0 0 1 1 1 0 2 0 0 0 1 1 2 1 0 1] 
.Accuracy: 0.0952.
--------------------------
Incorrect key: [1 0 1 2 1 2 2 0 1 2 1 1 2 0 0 0 0 1 1 0 2 2 1 0 2 1 1 1 1 0 2 0 0 2 0 1 1
 2 0 1 1 2 0 1 0 0 1 0 0 1 0 1 0 0 1 2 0 1 1 1 0 0 1 2 0 0 2 0 1 1 1 1 0 0
 0 0 1 1 0 1 0 1 0 0 2 0 2 1 1 0 1 1 1 0 0 2 0 0 2 1 1 0 1 1 1 1 1 1 1 2 0
 1 0 1 1 0 1 0 0 0 0 0 1 1 1 1 0 0 1 0 1 1 2 0 2 1 0 1 1 0 1 0 1 1 1 1 0 0
 0 2 0 0 1 1 1 0 0 0 1 2 0 0 0 0 1 1 1 0 0 2 2 2 1 1 2 0 1 0 2 2 1 1 0 0 0
 0 0 1 0 1 1 0 0 0 0 1 0 0 1 1 0 0 2 1 1 0 2 1 2 0 0 0 1 0 0 1 0 1 0 1 0 1
 0 0 1 0 0 0 1 1 1 0 0 1 0 1 1 0 1 1 2 1 2 1 1 2 2 0 0 1 1 2] 
.Accuracy: 0.0691.
--------------------------
Incorrect key: [0 1 1 1 1 0 2 1 1 0 1 1 0 0 0 2 1 1 0 1 2 0 0 1 0 0 0 0 1 0 0 0 0 0 1 1 2
 2 0 0 2 0 0 1 2 0 0 1 0 0 0 0 1 0 0 1 2 0 0 0 1 1 1 0 1 1 1 2 1 0 1 0 0 0
 0 0 2 1 2 1 1 1 0 1 0 0 1 1 2 2 2 2 1 0 2 1 2 1 2 0 0 1 0 1 2 1 0 1 1 1 0
 2 2 1 1 0 0 1 1 0 0 0 1 1 2 1 2 0 2 1 1 1 2 0 0 1 1 1 1 1 0 2 2 0 1 1 0 1
 2 1 0 1 0 1 1 0 0 0 1 1 0 2 1 1 0 1 1 0 1 1 0 1 0 1 1 0 0 1 0 0 0 0 1 1 1
 0 0 2 0 0 0 0 0 1 1 2 0 2 2 0 0 0 2 1 1 0 1 0 1 2 0 0 1 1 0 1 0 1 1 0 0 0
 1 2 2 1 1 1 0 1 0 1 1 1 1 0 1 1 1 0 2 0 0 0 0 1 0 1 1 0 0 1] 
.Accuracy: 0.096.
--------------------------
Incorrect key: [0 0 0 0 2 0 1 2 1 0 0 0 0 0 0 1 1 0 1 1 1 1 1 0 0 1 2 1 0 1 2 1 2 2 1 0 1
 2 0 1 1 1 1 0 1 0 0 1 0 0 0 1 1 0 0 1 2 1 1 0 0 0 1 1 0 1 0 2 0 1 1 1 1 2
 1 0 2 1 0 1 1 0 1 1 1 0 1 1 0 2 0 0 1 0 0 0 0 0 0 2 0 0 1 0 2 0 0 0 0 1 0
 1 0 1 0 0 1 1 1 1 1 0 0 1 0 2 0 0 2 1 0 2 0 0 1 1 1 1 0 0 1 2 0 1 1 2 0 0
 0 2 0 0 0 1 0 1 2 0 1 1 0 0 0 1 0 2 1 1 1 1 1 2 1 1 0 1 0 0 1 0 0 0 2 1 1
 2 1 1 0 1 1 1 1 2 2 0 1 1 0 0 1 0 1 2 1 0 0 2 0 0 1 2 1 0 2 1 2 1 1 0 1 1
 1 1 1 0 2 1 1 0 1 0 0 0 1 2 0 0 0 2 1 2 1 0 0 1 0 1 0 2 2 1] 
.Accuracy: 0.1319.
--------------------------
Incorrect key: [0 0 1 1 1 0 1 1 0 1 1 0 0 1 1 1 0 1 1 1 0 0 2 1 1 1 1 1 1 1 1 0 0 1 2 1 0
 0 0 2 1 1 1 1 0 2 2 1 1 1 0 0 0 2 1 1 1 0 0 0 1 0 2 2 2 1 0 0 2 0 2 0 0 0
 1 1 1 0 1 1 1 2 0 0 0 1 0 1 0 1 1 0 0 1 2 0 2 1 1 2 0 1 0 2 0 0 0 0 2 1 0
 0 2 1 1 1 0 2 1 0 2 1 0 2 1 0 2 1 1 1 1 1 1 0 1 0 0 1 2 2 1 1 0 0 2 0 1 1
 0 0 1 0 1 2 1 2 0 2 0 0 1 1 0 1 0 0 0 1 1 0 0 0 1 1 0 1 2 1 0 1 0 1 0 1 0
 1 1 1 1 1 0 0 0 2 0 0 0 1 0 0 2 0 0 1 1 1 2 1 0 1 1 0 1 0 1 1 2 1 1 1 0 1
 0 0 0 1 1 2 0 0 1 1 2 0 2 0 0 0 0 0 0 0 0 0 2 0 0 1 2 0 0 0] 
.Accuracy: 0.1756.
--------------------------
Incorrect key: [0 1 1 1 1 1 0 1 2 1 1 1 1 0 1 1 2 1 0 2 0 0 0 1 0 1 2 0 1 0 1 1 1 1 1 0 1
 0 0 1 0 2 2 0 2 2 1 0 0 1 0 0 1 1 0 1 2 1 1 0 0 0 1 0 1 1 0 1 0 0 0 1 1 0
 0 1 0 2 1 0 1 1 1 0 1 1 1 1 1 0 0 0 2 2 0 0 0 2 1 0 0 1 1 1 0 0 2 0 0 0 1
 0 0 0 1 0 0 1 2 0 0 0 0 0 0 2 0 1 0 1 2 0 0 0 1 0 1 1 1 0 1 1 0 1 0 0 1 1
 1 2 0 1 1 0 2 2 0 1 0 1 2 2 0 1 1 2 0 2 1 1 0 0 1 1 2 0 1 2 2 0 0 0 2 1 2
 0 0 0 1 0 1 0 0 1 0 0 0 1 0 1 0 1 2 1 0 2 1 0 0 1 0 2 1 2 0 1 2 2 1 0 1 0
 1 0 1 0 1 1 2 1 1 1 0 0 0 1 0 1 1 0 1 0 0 2 2 1 1 1 0 1 1 1] 
.Accuracy: 0.0771.
--------------------------
Incorrect key: [0 1 1 1 0 0 1 0 1 0 1 0 0 2 0 0 1 1 1 2 2 2 1 0 1 1 1 0 0 1 1 0 1 1 1 0 1
 1 0 1 2 1 0 0 1 1 1 0 0 2 0 2 0 0 1 1 1 0 0 2 1 1 0 2 0 1 0 2 0 2 0 1 0 1
 2 2 0 0 1 1 2 1 0 1 1 1 1 0 2 0 0 0 0 0 2 1 0 2 0 1 0 0 0 1 1 1 0 1 0 1 1
 0 1 0 0 1 0 1 0 1 0 0 0 2 0 1 1 2 1 2 2 1 1 1 1 1 0 0 0 2 0 2 1 1 1 1 0 2
 1 0 0 1 1 1 1 1 1 1 1 2 0 0 2 0 1 0 1 1 0 0 0 0 2 0 1 1 1 0 0 1 1 0 0 1 0
 2 1 1 2 1 0 0 1 0 0 2 0 1 1 1 1 1 2 0 1 2 0 0 0 2 0 0 1 0 1 0 2 1 1 0 0 0
 2 1 0 0 0 1 1 0 1 0 0 0 1 2 0 2 0 1 0 0 0 2 0 1 0 0 1 1 1 1] 
.Accuracy: 0.1672.
--------------------------
Incorrect key: [0 1 0 1 0 2 1 0 1 2 2 0 1 0 0 1 1 0 1 1 0 2 2 0 1 0 1 0 2 0 0 1 1 0 1 0 0
 1 1 0 2 1 2 1 0 1 1 1 1 0 2 1 0 1 0 1 0 1 1 1 0 1 1 0 2 0 0 0 0 0 0 0 0 1
 0 1 0 1 1 1 1 1 0 1 1 0 0 0 1 2 1 1 2 0 1 0 0 1 2 1 0 0 1 1 2 0 2 2 1 0 0
 1 1 1 1 1 1 1 0 1 0 0 1 0 0 0 0 1 1 2 1 0 1 0 0 0 2 0 2 0 1 2 1 2 0 0 1 2
 2 1 0 2 1 0 0 1 2 1 0 1 0 0 1 1 1 0 1 0 2 1 0 0 0 1 0 1 0 1 0 1 2 0 0 0 0
 0 2 1 1 2 0 1 0 0 2 1 0 0 0 0 0 1 0 1 0 1 1 0 2 1 2 1 1 1 1 2 1 1 0 0 1 1
 1 1 1 0 0 2 0 2 2 1 1 0 1 2 0 0 1 0 0 1 1 0 1 2 0 1 0 1 0 0] 
.Accuracy: 0.0745.
--------------------------
Incorrect key: [1 0 2 0 0 1 1 0 0 0 1 2 0 2 1 0 0 1 1 1 1 1 2 0 0 0 0 1 0 1 0 0 1 1 0 1 1
 1 2 0 0 1 0 1 1 0 0 0 2 2 2 0 2 1 1 0 1 0 1 1 0 0 1 1 1 1 2 1 1 1 1 1 1 1
 1 0 0 0 0 0 0 2 1 0 0 1 0 2 0 0 0 1 2 1 1 1 1 0 0 2 0 0 2 0 0 1 1 0 0 1 0
 0 1 1 1 1 1 0 2 1 1 1 2 0 1 1 1 0 1 2 0 1 1 0 1 1 1 1 0 2 2 0 0 0 1 2 1 1
 0 2 0 0 0 0 0 1 1 1 0 1 2 1 2 1 0 0 1 1 0 0 0 1 0 0 0 2 2 1 0 2 1 1 1 1 0
 0 0 2 1 1 0 1 1 0 1 0 0 0 2 1 1 0 1 0 1 0 1 0 1 0 1 1 2 2 1 0 0 0 0 2 1 1
 0 0 2 0 1 0 0 0 1 1 0 1 1 1 0 0 0 2 1 2 0 1 1 0 0 0 2 2 2 0] 
.Accuracy: 0.0925.
--------------------------
Incorrect key: [1 2 0 2 2 1 1 1 2 1 0 1 0 0 2 1 0 1 1 0 2 0 1 1 0 0 0 0 0 0 0 0 0 0 0 0 1
 0 0 1 1 1 0 1 2 1 0 0 2 1 1 0 1 1 0 0 0 1 1 1 0 0 1 0 0 0 1 1 0 1 1 1 1 0
 0 1 2 0 1 0 1 1 1 1 0 1 0 0 0 0 0 1 0 2 0 0 2 0 0 0 0 1 0 0 0 1 2 1 1 0 0
 2 2 0 1 0 0 2 1 0 0 1 2 1 0 2 0 2 0 2 2 1 0 2 1 1 1 0 2 1 0 1 1 2 1 2 0 0
 1 0 1 1 1 1 0 2 0 2 0 0 1 0 0 1 1 1 1 0 1 1 0 1 0 0 2 0 0 1 0 1 1 1 1 2 2
 1 1 1 1 1 0 1 0 1 0 1 2 0 1 0 0 2 1 0 1 1 1 2 1 1 0 2 2 1 1 1 1 1 1 2 2 1
 0 1 2 0 0 0 0 0 0 0 1 1 1 0 1 1 1 0 0 0 0 1 0 0 1 1 2 1 0 1] 
.Accuracy: 0.2279.
--------------------------
Incorrect key: [0 1 2 1 1 1 0 0 1 0 0 0 0 1 2 0 1 2 1 0 0 1 1 0 0 1 1 0 0 0 0 1 1 2 0 1 0
 1 0 0 1 2 0 0 0 1 1 1 0 0 1 1 1 1 1 1 1 0 2 1 2 0 0 0 0 0 0 1 1 0 1 1 0 2
 0 0 1 1 0 0 1 1 0 0 1 0 0 0 1 0 1 1 1 0 0 0 1 0 0 0 0 0 1 0 0 0 0 0 2 1 0
 2 1 1 0 1 1 1 1 0 1 1 0 0 0 0 1 2 0 1 0 2 1 0 1 1 0 0 0 2 0 2 2 1 0 1 2 1
 0 0 0 0 2 0 1 1 1 1 2 0 0 2 0 1 2 1 1 0 1 1 0 2 1 1 0 1 1 0 1 1 2 2 0 1 0
 1 2 1 0 1 1 0 0 1 0 1 1 1 1 1 2 1 2 1 1 0 2 0 0 1 2 0 2 0 1 1 0 1 0 1 2 1
 1 2 1 2 0 1 1 2 0 1 1 2 0 2 0 1 1 1 1 2 2 1 0 0 0 1 2 0 0 0] 
.Accuracy: 0.1033.
--------------------------
Incorrect key: [1 2 0 1 0 1 0 1 2 1 1 0 2 0 1 0 1 1 1 1 1 2 1 2 1 1 0 2 1 1 0 0 1 1 1 0 1
 1 1 1 1 0 2 0 0 1 1 1 0 1 2 1 0 1 0 2 0 2 2 1 0 0 0 0 0 1 0 0 0 0 0 0 2 0
 1 2 0 0 0 2 1 1 1 2 0 0 1 0 1 0 0 0 0 2 1 2 1 1 1 1 0 1 1 1 2 0 2 1 2 2 1
 0 1 0 0 1 0 0 0 0 0 1 2 1 0 2 0 0 1 1 0 0 0 0 0 1 0 1 1 0 1 2 0 0 1 0 0 1
 1 0 0 1 2 0 1 0 1 1 0 0 0 1 0 2 0 0 1 0 0 2 1 0 1 0 0 0 1 2 0 0 1 1 1 0 0
 0 1 1 1 1 0 1 1 1 1 1 1 2 1 1 2 0 1 1 0 0 1 1 0 2 0 0 0 1 1 2 1 1 1 0 0 0
 0 1 2 1 1 2 0 0 0 1 0 0 2 1 2 1 1 2 0 0 2 1 0 0 0 1 1 1 1 0] 
.Accuracy: 0.2098.
--------------------------
Incorrect key: [2 0 0 0 1 1 0 1 0 1 1 0 1 1 0 1 1 1 0 0 0 0 1 1 2 1 2 1 1 1 0 0 0 0 1 0 0
 0 1 2 0 2 1 1 0 2 1 0 0 0 1 2 0 0 1 0 2 1 0 0 1 0 1 1 1 0 0 0 0 2 1 0 1 2
 0 1 1 2 2 0 1 2 0 1 1 0 1 0 1 1 0 1 2 0 0 1 1 2 0 1 0 1 1 1 0 1 1 0 0 1 1
 0 2 1 1 1 0 0 1 0 1 0 1 1 1 0 0 0 2 1 0 1 2 0 0 0 1 0 1 0 1 1 0 0 2 0 2 0
 0 1 0 2 2 0 1 0 1 0 0 1 1 0 0 1 0 0 0 1 0 1 0 1 1 0 0 0 2 1 1 1 1 0 0 0 1
 0 1 2 1 0 0 2 2 1 2 1 1 2 0 0 0 1 1 1 0 1 1 0 1 1 1 1 1 2 1 2 2 2 0 0 1 2
 2 1 0 1 0 0 0 0 0 1 1 1 1 1 0 0 0 2 1 2 1 0 0 1 1 1 0 0 2 2] 
.Accuracy: 0.1215.
--------------------------
Incorrect key: [1 0 1 2 0 0 2 1 0 0 1 1 1 0 1 0 0 2 0 0 0 1 1 1 0 1 0 1 0 0 1 1 1 2 2 1 0
 1 1 2 1 0 0 1 0 1 0 1 2 0 1 2 2 0 1 0 0 1 0 1 2 2 0 0 0 0 1 0 0 0 0 0 0 0
 1 2 1 1 1 0 2 0 1 1 2 0 0 0 1 2 2 1 1 0 0 1 1 0 1 1 0 1 1 0 1 0 2 1 0 0 1
 1 1 0 1 1 1 1 1 2 1 1 0 1 2 0 0 0 0 0 2 1 0 1 2 0 0 0 0 0 1 1 0 0 1 2 1 1
 0 1 0 0 2 2 1 1 1 2 0 0 1 1 0 0 1 0 0 0 2 0 0 0 1 0 1 1 0 0 1 2 1 0 0 1 1
 0 1 1 1 1 1 1 1 1 0 0 1 0 2 1 1 1 1 0 1 0 0 2 1 1 0 1 1 0 0 1 2 0 1 1 0 2
 2 1 2 1 1 1 0 0 0 0 0 1 1 2 0 0 0 1 2 0 2 1 1 0 0 1 2 0 2 0] 
.Accuracy: 0.1745.
--------------------------
Incorrect key: [0 2 0 1 1 0 2 1 0 0 0 1 1 1 2 1 0 2 0 1 2 2 1 0 1 0 2 0 1 0 2 1 0 0 2 0 0
 0 0 2 1 0 1 1 1 2 2 1 1 1 1 0 0 1 1 1 1 2 1 0 1 1 1 1 0 1 0 0 1 1 0 1 1 0
 1 0 0 1 0 1 1 1 1 0 0 1 1 1 1 2 1 0 1 1 0 0 0 1 1 0 1 0 1 2 1 2 0 2 0 0 0
 0 0 1 0 1 2 0 2 0 2 0 0 0 1 0 2 1 0 1 1 1 1 0 1 0 0 0 0 1 1 0 1 1 0 0 2 1
 2 2 0 0 0 0 1 1 2 2 0 0 2 2 0 0 2 2 1 0 0 0 1 1 1 0 0 0 0 0 0 0 0 1 0 1 1
 1 0 1 2 1 0 1 0 0 1 1 0 0 0 1 1 2 0 1 1 0 0 2 0 1 1 1 1 0 1 0 0 0 2 0 2 0
 0 0 1 1 1 1 1 0 0 1 1 0 2 0 2 0 2 1 1 1 0 1 0 1 1 1 1 0 1 1] 
.Accuracy: 0.0844.
--------------------------
Incorrect key: [1 2 2 0 1 0 0 0 1 0 2 1 1 1 0 2 1 0 0 0 1 2 0 1 0 1 1 0 1 0 1 1 1 0 1 2 0
 0 1 1 1 2 1 0 1 2 2 0 0 0 2 0 1 0 0 0 0 0 1 0 0 1 1 2 0 1 2 0 0 0 1 0 0 1
 1 1 1 0 1 1 2 2 1 1 0 2 1 1 1 2 0 1 1 0 1 0 1 1 0 1 0 0 2 1 2 1 2 2 2 2 2
 0 0 1 1 1 1 0 1 1 0 0 0 0 1 1 1 1 0 0 1 1 0 0 0 0 2 0 1 0 2 0 0 1 1 1 0 0
 0 0 1 0 0 1 1 1 1 2 2 0 1 0 2 1 2 2 1 1 0 0 2 0 0 0 0 0 0 1 1 0 1 0 1 0 2
 1 1 1 0 0 0 0 1 1 0 1 0 1 0 1 0 0 0 1 2 0 0 0 1 1 2 1 1 2 1 1 1 0 0 1 1 0
 1 0 0 0 1 1 1 0 1 1 0 0 1 0 1 2 0 2 1 2 1 1 1 1 1 0 0 0 0 0] 
.Accuracy: 0.2573.
--------------------------
Incorrect key: [1 1 1 2 1 2 1 1 1 2 0 1 0 0 2 0 0 0 2 0 1 1 1 2 0 2 1 1 1 1 1 1 1 1 1 2 1
 2 1 1 1 1 1 0 2 2 0 0 2 1 1 0 1 2 0 1 0 0 0 1 1 0 1 0 0 2 0 0 1 1 1 0 0 0
 0 0 1 1 2 0 0 0 1 0 1 2 1 0 0 0 0 1 0 1 1 1 0 0 0 0 1 0 1 2 2 1 2 1 1 0 1
 1 0 0 0 1 2 1 0 1 1 1 0 2 0 0 1 2 0 0 1 1 0 1 1 1 1 0 0 0 0 1 2 0 0 0 1 0
 0 1 1 0 2 0 0 0 1 0 0 0 1 1 0 1 1 0 0 2 0 1 1 2 2 1 1 1 0 0 1 1 2 0 0 0 0
 1 0 1 1 1 0 2 0 1 1 0 1 1 1 1 0 0 0 0 0 2 0 1 0 0 1 1 0 1 0 1 0 1 2 2 1 0
 0 2 1 1 1 0 0 0 0 1 1 1 1 2 0 0 0 0 2 1 1 2 0 0 0 0 0 1 2 2] 
.Accuracy: 0.1355.
--------------------------
Incorrect key: [0 0 0 0 2 1 1 2 1 2 2 1 2 0 0 0 0 0 0 2 0 1 1 0 1 0 2 0 0 1 1 1 0 1 0 1 0
 2 1 0 1 1 1 0 0 0 1 1 1 1 1 2 1 1 2 1 1 0 0 0 1 0 0 1 0 0 1 1 0 1 1 0 1 0
 1 1 0 0 0 2 0 2 2 2 0 1 1 1 0 1 0 1 0 0 2 1 1 2 1 1 0 1 2 2 0 0 1 1 0 1 0
 2 0 1 1 2 1 1 2 0 0 2 0 0 2 1 0 1 1 2 1 1 1 0 1 1 1 0 1 0 1 0 1 0 0 0 0 2
 0 0 2 0 1 0 1 0 1 1 1 1 1 0 1 0 1 0 1 1 2 0 1 2 0 0 0 0 0 1 2 0 0 0 1 0 1
 1 0 0 1 1 1 1 0 1 0 0 2 0 0 0 1 0 1 0 0 1 2 0 1 0 2 1 0 0 0 1 2 0 1 2 0 1
 0 0 0 0 1 1 2 0 1 1 1 0 1 2 1 1 0 0 0 1 2 1 1 0 1 0 1 1 2 1] 
.Accuracy: 0.139.
--------------------------
Incorrect key: [1 0 2 0 2 2 1 0 1 1 0 1 2 0 1 0 2 0 1 1 2 0 1 2 1 0 1 1 0 0 1 0 0 0 0 0 1
 0 1 0 1 0 2 1 0 2 1 0 0 0 1 2 2 0 1 0 0 0 1 0 0 0 1 1 1 0 1 0 1 1 0 0 2 1
 0 2 1 1 1 0 1 0 0 0 0 0 1 0 1 1 1 1 1 1 0 0 0 1 1 1 1 0 0 1 1 1 1 0 1 1 0
 2 0 0 0 1 1 0 0 0 1 2 1 1 2 1 2 0 2 0 2 2 1 1 1 0 1 1 0 1 0 0 1 0 0 2 1 0
 1 0 2 0 1 1 1 2 0 1 2 1 2 1 2 1 2 1 2 1 0 0 1 1 1 1 0 0 1 1 1 2 1 0 2 0 1
 0 0 1 0 0 2 1 1 1 0 0 2 0 0 0 0 0 1 1 1 0 0 2 1 1 0 1 0 0 1 0 0 2 0 1 0 0
 0 1 0 1 1 0 0 2 0 1 0 0 1 1 2 1 1 1 0 0 0 0 0 1 0 1 1 2 2 1] 
.Accuracy: 0.093.
--------------------------
Incorrect key: [0 0 1 1 2 0 0 2 1 1 1 1 1 0 1 1 0 1 1 1 0 1 1 0 1 1 2 1 1 0 1 1 0 1 0 2 0
 0 2 1 1 0 0 0 0 1 0 0 0 2 0 2 0 1 0 1 0 2 0 0 1 0 1 2 0 1 0 2 2 0 0 1 1 1
 1 1 0 1 0 0 0 0 0 0 1 1 0 0 1 1 0 1 0 0 2 0 1 0 0 0 0 0 0 2 2 2 1 2 0 1 0
 2 1 0 0 1 1 1 0 0 0 0 2 1 1 1 1 0 1 0 2 1 1 1 2 0 0 1 1 0 1 1 0 2 2 0 1 2
 0 0 1 0 1 1 0 1 0 1 2 0 0 0 0 1 0 1 2 0 2 1 0 0 1 0 0 1 1 2 1 1 0 1 1 1 1
 0 0 0 1 2 1 1 1 0 1 1 1 2 1 0 0 1 2 1 0 0 1 0 1 1 1 0 0 2 0 2 1 0 1 0 2 1
 0 0 1 1 1 1 1 0 0 1 0 2 2 1 0 0 2 0 2 2 1 0 1 0 0 1 1 1 1 0] 
.Accuracy: 0.1176.
--------------------------
Incorrect key: [1 0 1 2 0 1 0 0 2 1 1 1 1 1 0 2 2 0 1 1 2 1 1 1 1 1 1 0 2 0 1 0 1 0 0 1 1
 0 1 0 1 1 1 1 0 1 0 0 0 2 0 0 0 2 0 0 0 0 0 1 1 1 0 1 0 1 2 0 1 0 1 1 0 0
 1 1 0 1 2 0 2 0 1 0 0 0 0 1 0 2 0 1 2 0 1 0 1 2 0 0 2 1 1 0 0 1 0 1 0 1 2
 0 0 2 1 1 2 0 0 2 2 1 1 0 0 0 1 1 2 0 2 0 1 0 1 1 0 1 1 0 0 0 1 1 0 2 1 2
 0 1 1 0 1 0 1 1 2 1 1 0 2 1 1 0 2 1 0 1 1 0 0 1 1 0 0 0 0 0 1 1 0 1 2 1 2
 0 1 1 1 1 0 1 1 0 1 0 2 1 0 0 0 0 1 0 1 1 0 1 2 1 1 0 2 0 0 1 0 2 0 2 0 1
 1 0 1 1 0 1 0 1 1 1 0 0 2 0 0 2 2 0 0 1 2 1 1 1 0 0 0 0 0 1] 
.Accuracy: 0.2746.
--------------------------
Incorrect key: [1 0 0 2 1 1 1 0 0 0 1 0 1 0 0 0 0 0 2 1 1 1 0 1 1 0 1 1 2 0 1 1 0 0 1 0 0
 2 0 2 0 1 0 2 1 0 1 0 0 0 0 1 1 1 2 1 1 0 0 1 1 1 0 0 2 0 1 2 1 1 2 1 0 0
 2 2 2 0 1 1 1 1 2 0 0 1 0 0 1 1 1 0 0 0 0 0 0 0 1 2 1 1 1 1 2 1 2 0 2 0 0
 1 1 1 1 1 1 2 0 0 1 1 2 0 0 2 1 1 1 2 0 2 1 0 0 1 0 0 0 1 1 0 1 1 1 0 2 2
 2 2 2 1 0 0 1 0 0 0 0 0 1 0 1 0 1 0 0 2 0 0 1 1 0 0 1 1 0 1 1 0 1 0 1 1 1
 0 1 0 1 1 0 0 0 0 1 0 1 0 1 0 0 2 0 1 1 0 2 2 1 1 0 1 1 1 1 0 0 0 2 0 1 2
 2 2 1 1 0 0 0 1 2 0 2 0 1 1 1 1 0 1 1 1 0 1 1 0 0 0 1 1 0 0] 
.Accuracy: 0.2653.
--------------------------
Incorrect key: [0 1 0 1 0 0 1 0 1 2 0 1 0 2 1 1 2 2 1 1 1 1 1 1 1 1 1 1 1 1 0 1 1 0 0 1 1
 0 1 0 0 2 0 0 0 1 0 1 1 1 0 0 0 1 1 0 2 1 0 0 1 0 0 0 1 0 0 0 0 1 0 1 0 0
 0 0 1 0 0 0 0 2 2 0 0 0 1 1 1 1 0 1 1 0 0 1 0 0 0 0 2 0 0 1 1 0 0 0 1 0 0
 0 1 1 1 1 2 1 2 0 1 1 2 1 0 0 2 0 2 0 0 1 1 1 1 2 2 1 1 1 1 1 0 2 0 0 0 2
 1 2 0 1 1 2 2 1 1 1 1 2 0 0 1 0 1 0 1 0 1 1 0 0 0 0 0 1 0 0 2 2 1 0 0 0 2
 0 2 1 1 1 1 1 1 1 1 0 1 0 1 0 0 1 2 2 0 2 2 0 0 2 0 0 1 1 1 0 2 0 2 1 1 2
 0 1 0 1 2 1 1 0 2 0 1 0 1 1 1 1 0 1 0 0 2 1 1 1 1 0 0 0 0 2] 
.Accuracy: 0.1351.
--------------------------
Incorrect key: [0 0 0 2 1 2 2 0 1 2 0 1 0 2 0 2 1 1 0 1 2 1 0 1 2 0 0 1 1 1 0 0 1 1 0 1 2
 0 1 2 0 1 0 1 1 1 0 1 0 0 1 1 0 0 2 0 0 0 0 0 1 1 0 0 1 0 1 0 0 0 0 1 1 0
 0 1 0 1 1 0 0 0 0 1 0 0 1 1 0 1 1 2 0 1 1 1 0 0 2 1 1 2 1 1 0 1 2 0 0 1 0
 0 1 0 0 1 0 1 0 1 0 1 1 2 1 1 0 2 1 0 1 0 0 0 2 2 0 0 1 1 1 2 0 1 1 1 1 1
 1 0 1 1 0 0 0 0 1 1 1 2 2 1 0 1 0 0 0 0 1 1 1 0 1 0 1 0 1 0 0 0 2 1 0 0 1
 0 1 0 1 0 0 1 0 1 0 1 0 0 2 2 2 2 1 1 1 1 1 0 1 2 2 1 2 1 0 1 0 1 1 1 1 1
 0 0 1 1 0 0 2 2 1 0 0 0 1 1 0 2 2 1 0 1 2 0 2 2 0 1 1 2 0 0] 
.Accuracy: 0.1913.
--------------------------
Incorrect key: [1 0 0 1 0 0 1 0 0 0 2 2 2 2 0 2 2 1 1 0 0 0 1 0 1 0 0 1 1 1 1 0 0 0 1 1 2
 0 2 0 2 0 0 1 1 0 0 2 1 0 0 0 2 1 0 0 1 1 1 1 1 1 1 1 0 2 0 0 0 0 1 0 0 0
 1 0 0 0 0 1 1 0 0 1 0 0 0 1 0 0 2 1 0 0 1 1 2 0 0 0 0 2 0 2 0 0 1 1 1 0 0
 2 0 1 1 0 2 0 1 2 0 0 0 1 2 0 2 1 1 1 2 0 2 1 1 1 2 1 1 1 1 1 1 0 1 1 1 1
 1 1 0 0 1 1 1 1 2 0 1 0 1 1 1 1 2 0 0 0 0 1 0 1 0 1 1 1 0 0 0 1 2 1 1 1 1
 0 1 0 0 1 2 1 0 1 1 2 0 0 0 0 1 1 1 1 1 0 2 2 0 1 2 0 1 2 0 1 1 0 1 0 2 1
 1 0 1 0 2 2 1 1 0 1 1 1 1 1 1 2 0 0 0 0 0 0 2 0 0 1 0 1 1 0] 
.Accuracy: 0.197.
--------------------------
Incorrect key: [0 0 0 1 2 2 0 1 1 2 1 0 1 0 0 0 0 0 2 1 0 2 2 2 1 1 2 1 1 1 1 0 1 2 0 0 1
 1 0 0 0 1 1 0 0 1 1 0 2 1 0 0 1 1 1 1 1 0 1 1 1 2 0 0 1 0 2 1 0 0 0 1 1 0
 1 0 1 0 2 0 0 2 2 0 1 0 1 0 0 0 1 1 0 0 0 1 1 1 1 0 1 0 0 1 1 1 0 1 1 0 0
 1 1 2 1 0 0 2 0 2 0 0 1 2 0 0 0 1 1 1 1 0 0 0 0 1 0 2 2 1 1 0 2 0 1 2 0 1
 0 1 2 1 1 1 1 0 1 1 1 2 1 1 1 1 1 2 0 1 0 0 0 1 0 2 1 1 0 2 2 1 1 0 0 1 2
 1 1 1 0 0 1 1 0 0 1 2 0 1 0 1 1 1 1 0 0 0 1 0 0 0 0 1 0 0 0 0 2 0 0 0 0 1
 1 0 0 1 1 0 1 0 1 1 2 2 1 1 1 2 0 2 0 0 0 1 1 1 0 0 0 2 2 0] 
.Accuracy: 0.148.
--------------------------
Incorrect key: [0 1 0 1 0 0 0 1 2 1 1 1 2 2 1 0 0 0 0 1 1 2 0 2 0 1 1 0 2 0 0 0 2 1 1 1 0
 2 1 0 1 0 1 0 0 1 1 0 1 2 2 2 0 1 1 1 1 2 0 1 1 0 1 1 1 1 1 1 0 1 1 0 0 1
 0 2 0 0 0 0 0 1 1 1 0 1 0 1 1 0 1 0 1 1 1 0 1 0 0 0 0 1 0 2 2 0 0 1 1 1 1
 0 0 2 2 0 0 0 1 1 2 1 1 1 2 0 2 0 0 0 1 0 1 1 0 0 1 2 2 0 1 1 1 0 1 0 1 0
 1 0 1 1 0 0 2 0 1 0 1 0 0 0 2 0 1 1 0 1 1 2 2 1 0 1 2 0 1 0 0 1 0 0 1 0 1
 1 1 1 1 2 0 2 0 0 0 1 1 0 2 0 0 1 0 1 0 0 1 0 2 1 1 0 0 2 0 1 1 2 0 1 0 1
 1 0 0 2 0 0 0 1 1 1 1 1 2 0 1 0 1 0 2 0 2 1 1 1 0 0 0 2 0 1] 
.Accuracy: 0.1094.
--------------------------
Incorrect key: [0 1 0 0 2 1 1 0 0 0 2 0 1 1 1 0 0 0 2 2 1 0 1 1 1 0 1 1 1 0 1 1 1 1 2 0 1
 1 1 1 1 0 1 1 0 0 1 1 0 0 0 2 0 1 0 0 1 0 1 1 0 0 1 0 0 1 0 0 0 2 1 1 1 0
 0 1 0 0 1 0 0 0 0 0 1 1 1 0 2 2 1 0 0 1 0 1 0 1 1 0 1 2 1 1 1 1 2 0 0 1 0
 1 0 0 1 1 0 1 0 1 1 0 0 0 0 0 1 0 0 0 2 1 2 1 0 0 1 2 1 1 1 0 1 0 2 1 0 1
 0 0 0 1 2 1 1 1 0 1 0 1 1 1 0 0 1 0 0 0 0 0 0 1 1 0 2 2 1 1 1 0 1 1 2 0 1
 2 1 2 0 0 2 1 2 2 1 2 2 0 2 2 0 0 0 1 0 1 0 1 2 2 0 0 0 1 0 0 2 1 2 2 1 0
 1 1 2 1 0 2 1 1 0 1 1 2 0 2 1 1 0 0 0 0 1 1 0 0 0 0 1 1 2 1] 
.Accuracy: 0.0976.
--------------------------
Incorrect key: [1 1 1 1 2 1 1 1 0 1 0 1 0 0 2 1 0 0 2 1 0 2 0 0 2 0 0 1 0 1 0 1 1 1 1 2 1
 2 0 0 0 0 1 0 0 1 2 0 1 0 0 0 2 0 0 0 2 1 0 0 1 0 0 1 0 1 0 0 0 0 0 0 1 0
 1 0 1 0 1 1 0 0 0 1 0 1 0 1 0 1 2 0 0 0 0 1 0 2 1 0 1 1 0 0 2 0 2 2 2 2 1
 2 1 0 0 1 2 0 0 1 2 0 1 2 1 0 0 1 0 1 0 0 0 0 0 1 1 1 1 1 1 0 2 1 0 0 1 1
 0 0 2 1 2 0 1 1 1 0 0 1 1 1 0 1 0 2 0 1 1 2 0 2 1 2 1 0 1 0 0 1 0 0 1 1 2
 2 0 0 0 1 0 1 1 1 1 1 0 1 0 0 1 2 1 2 1 0 1 1 1 0 2 0 2 1 0 1 1 1 1 1 0 0
 0 0 1 1 0 1 1 0 1 1 1 1 0 1 1 0 1 2 1 0 0 2 1 0 2 1 1 2 1 1] 
.Accuracy: 0.1829.
--------------------------
Incorrect key: [1 2 0 1 0 1 0 0 2 1 0 2 1 1 1 2 1 0 0 2 2 1 0 1 1 0 1 1 0 1 1 2 0 1 2 0 2
 1 1 1 0 1 1 2 1 0 2 1 1 0 1 1 0 0 1 0 0 0 1 0 0 0 1 0 2 1 0 1 0 0 1 1 0 0
 0 0 1 1 1 0 2 0 1 1 1 2 1 1 1 0 1 1 1 0 2 2 2 1 1 2 1 2 0 2 0 1 1 2 1 1 0
 1 0 0 0 2 0 0 1 0 1 1 2 1 0 1 0 0 2 0 0 1 1 2 0 2 0 0 0 0 0 0 0 2 1 0 0 0
 1 0 1 1 0 1 1 2 0 0 1 2 0 1 0 0 0 2 0 1 0 0 2 1 1 0 0 0 0 1 0 1 0 0 1 0 1
 2 1 1 0 1 1 1 1 0 1 0 1 1 1 0 0 1 0 1 0 0 2 0 1 0 0 1 0 2 0 0 1 2 1 1 0 1
 0 0 0 2 1 0 2 1 0 1 1 0 1 1 1 0 1 0 0 1 0 1 1 0 1 0 0 2 1 1] 
.Accuracy: 0.1622.
--------------------------
Incorrect key: [1 0 1 0 0 0 0 2 1 1 0 0 2 1 1 1 2 0 1 1 0 0 0 2 1 0 0 1 2 2 1 1 2 2 1 1 1
 1 0 1 2 2 0 1 1 1 0 2 0 1 0 0 0 1 0 1 2 1 0 1 1 1 0 1 0 1 0 0 0 1 0 2 1 1
 0 2 1 0 1 2 0 1 0 0 0 1 2 1 1 0 2 0 0 1 0 0 0 1 1 0 1 0 1 1 0 2 0 0 2 0 1
 0 1 0 0 0 0 0 1 1 0 0 2 0 1 1 1 2 1 0 0 2 0 0 0 1 1 0 1 2 1 0 1 1 0 0 1 1
 0 0 1 0 1 0 2 0 1 1 0 1 1 1 0 1 1 0 0 0 1 0 1 0 2 1 0 0 1 2 0 1 0 1 0 0 1
 0 0 1 1 1 1 0 0 0 1 0 1 1 1 1 2 2 2 1 1 1 2 1 1 1 0 1 2 1 1 1 2 0 1 0 1 1
 1 1 2 2 0 0 0 1 0 0 0 1 0 1 0 2 1 0 0 1 0 2 0 2 0 0 1 0 2 0] 
.Accuracy: 0.1062.
-------------------------