Incorrect key: [0 1 0 1 2 2 1 0 0 0 2 0 0 0 0 0 1 2 1 1 1 1 1 1 1 0 0 0 0 0 1 1 2 0 0 1 0
 0 2 2 2 2 1 2 0 1 2 0 2 2 1 0 1 1 0 0 1 0 1 1 1 0 1 1 0 1 0 0 1 1 0 1 1 1
 1 0 1 1 1 0 0 1 0 1 0 1 0 0 1 0 1 0 2] 
.Accuracy: 0.36943594971117905.
--------------------------
Incorrect key: [1 0 1 1 1 0 2 0 0 2 2 0 2 1 1 1 1 1 2 0 1 1 0 1 1 1 0 0 0 1 1 0 0 2 1 1 0
 1 1 0 0 0 0 2 0 0 2 0 0 0 0 1 1 0 1 2 2 1 0 0 0 2 0 0 1 2 0 2 1 1 0 0 1 1
 1 1 0 1 2 1 0 1 0 1 0 1 1 0 1 1 0 0 1] 
.Accuracy: 0.3007985049269453.
--------------------------
Incorrect key: [0 0 0 1 2 2 1 0 1 1 1 0 1 2 1 0 1 1 1 0 2 0 1 0 0 1 0 2 1 1 0 2 2 0 0 1 0
 1 0 0 0 2 0 0 1 2 2 1 1 1 2 0 1 1 0 0 0 1 0 1 0 0 1 1 1 2 0 0 0 1 0 1 0 2
 0 1 0 1 2 0 1 1 1 1 1 0 0 1 1 0 1 0 1] 
.Accuracy: 0.30572545022086306.
--------------------------
Incorrect key: [1 1 1 0 1 0 1 0 0 1 2 0 1 0 0 0 0 1 2 2 0 0 1 0 1 0 0 0 2 2 0 1 0 2 1 1 1
 0 0 2 2 2 0 0 1 0 0 1 1 0 1 1 0 2 1 1 1 0 1 0 1 1 0 1 1 1 1 1 1 0 1 0 1 2
 0 0 0 0 1 1 2 0 0 2 1 1 1 1 2 1 0 0 0] 
.Accuracy: 0.33554196398233094.
--------------------------
Incorrect key: [0 2 1 2 1 1 1 2 1 0 0 0 0 1 1 1 2 0 1 1 0 0 1 0 0 0 1 1 0 2 1 0 0 1 2 0 0
 0 1 1 0 1 1 1 0 2 1 1 0 0 1 1 1 1 2 1 1 1 2 0 2 0 0 0 0 0 0 1 1 0 1 0 2 0
 0 0 1 0 1 2 1 1 1 1 0 0 0 2 1 1 2 0 0] 
.Accuracy: 0.34361196058443766.
--------------------------
Incorrect key: [1 1 1 2 2 0 0 2 0 2 1 1 0 2 1 0 0 0 1 2 0 0 1 1 0 0 0 1 0 1 1 0 0 1 1 0 1
 2 2 1 1 1 1 0 0 1 0 0 1 0 1 0 1 1 0 0 0 0 2 1 1 1 0 2 1 0 2 0 2 0 2 1 1 0
 0 0 1 0 1 1 1 0 1 0 1 1 0 0 1 2 1 1 0] 
.Accuracy: 0.4016309887869521.
--------------------------
Incorrect key: [1 0 0 0 0 0 1 2 1 1 1 0 0 1 2 0 0 0 0 0 0 2 1 1 1 0 2 1 2 1 1 1 1 1 0 0 0
 0 1 0 1 0 1 2 1 0 1 0 0 0 1 2 0 1 2 2 2 0 1 0 1 0 2 1 1 0 1 0 0 1 1 0 1 1
 1 0 2 0 0 1 2 0 1 1 1 1 1 0 2 0 1 1 0] 
.Accuracy: 0.38574583758069997.
--------------------------
Incorrect key: [1 0 2 1 2 2 0 1 0 1 0 0 1 0 2 1 2 2 0 1 1 1 0 1 0 0 1 0 0 0 0 1 0 0 1 0 1
 2 1 0 1 0 1 2 0 1 2 1 1 0 1 1 2 0 1 1 1 2 1 0 1 1 1 1 0 1 0 2 0 1 1 0 2 1
 0 1 1 1 0 1 0 0 0 0 0 0 0 0 1 0 2 1 0] 
.Accuracy: 0.2599388379204893.
--------------------------
Incorrect key: [1 1 2 1 0 1 1 1 1 0 1 0 2 0 1 1 0 1 0 0 1 0 0 1 1 2 0 2 0 2 0 1 1 1 0 2 1
 0 1 1 1 0 1 2 2 0 1 0 1 0 2 0 0 1 1 1 1 0 1 0 1 0 2 0 1 0 0 1 0 0 1 1 1 0
 1 0 2 0 0 0 1 0 1 0 2 1 0 2 0 1 0 0 2] 
.Accuracy: 0.345565749235474.
--------------------------
Incorrect key: [1 0 1 1 0 0 0 0 1 0 2 0 0 0 0 2 1 2 0 1 1 1 0 0 1 1 0 0 0 0 1 0 1 0 2 0 1
 1 1 1 0 1 0 1 0 1 1 0 0 1 0 0 1 1 2 0 0 1 0 0 2 0 1 0 1 1 1 1 1 0 1 1 2 2
 2 2 2 1 2 1 2 0 1 0 1 1 1 1 0 1 0 0 2] 
.Accuracy: 0.47120285423037717.
--------------------------
Incorrect key: [1 1 0 0 0 2 0 2 0 0 2 0 2 0 0 2 0 1 0 0 0 1 1 0 1 0 1 1 0 0 0 0 1 0 0 0 0
 1 1 1 1 2 1 1 0 1 0 0 1 1 1 0 2 0 1 1 1 2 1 1 0 0 1 0 0 1 1 1 1 1 2 2 0 0
 1 2 2 1 0 1 1 1 1 1 2 2 0 0 1 0 0 1 1] 
.Accuracy: 0.1999660210669385.
--------------------------
Incorrect key: [0 1 0 0 1 2 1 0 2 0 2 1 1 1 0 0 1 1 0 0 2 1 0 0 0 1 0 1 1 1 2 1 1 1 0 2 1
 1 1 0 0 1 1 2 1 0 0 0 2 1 1 0 0 2 0 0 2 0 0 1 0 0 1 0 0 1 0 0 1 1 0 0 2 1
 1 0 1 1 0 0 2 1 1 1 1 1 0 2 2 1 0 0 1] 
.Accuracy: 0.2698776758409786.
--------------------------
Incorrect key: [2 0 2 0 0 0 0 2 1 1 0 1 1 0 1 1 0 1 1 1 0 0 1 0 0 0 1 2 1 1 0 0 0 1 0 2 2
 1 0 1 2 2 2 0 0 0 2 1 0 0 1 0 1 1 1 0 2 0 0 0 2 1 1 0 1 0 1 1 1 1 0 1 2 0
 1 0 1 0 0 0 1 1 2 0 1 1 1 1 0 1 1 0 1] 
.Accuracy: 0.32679238871899424.
--------------------------
Incorrect key: [0 0 1 1 1 1 0 2 0 0 1 2 1 2 1 1 0 0 2 0 0 0 1 1 1 1 1 1 0 0 0 0 1 1 0 2 1
 0 2 1 1 2 0 1 0 2 1 1 0 1 1 1 1 1 0 0 0 1 0 1 1 0 1 2 0 0 1 1 0 2 2 0 2 0
 1 2 0 0 0 1 0 0 0 2 0 1 1 1 0 1 0 0 1] 
.Accuracy: 0.27293577981651373.
--------------------------
Incorrect key: [0 0 1 1 1 1 1 0 1 1 2 2 0 0 0 0 0 0 1 0 0 2 2 0 1 1 1 0 1 2 1 1 1 0 2 1 0
 0 2 1 0 1 2 1 1 0 0 1 1 1 0 1 1 0 0 1 0 1 1 2 2 0 1 0 0 0 1 0 1 0 1 1 2 0
 0 1 1 2 0 0 1 2 0 0 0 1 0 1 0 0 1 2 1] 
.Accuracy: 0.5310907237512742.
--------------------------
Incorrect key: [1 1 0 0 0 0 1 0 2 0 2 0 0 0 1 0 0 1 1 1 0 1 0 1 0 1 0 1 0 2 0 1 1 0 1 0 1
 1 1 0 0 0 0 0 0 1 0 0 1 1 2 0 1 0 0 0 1 2 2 1 2 1 0 2 2 1 2 0 0 1 1 1 1 1
 0 1 1 0 1 1 1 2 0 2 2 1 1 2 1 0 1 0 1] 
.Accuracy: 0.6611450900441727.
--------------------------
Incorrect key: [0 2 1 0 1 1 2 1 0 1 0 0 1 0 1 2 1 1 1 0 1 0 2 2 1 0 0 2 1 1 0 0 1 0 2 0 0
 0 2 0 1 1 1 2 0 0 0 1 0 1 1 1 2 1 0 1 0 1 0 1 1 1 1 1 0 0 0 0 0 1 2 0 0 1
 2 0 0 0 1 0 2 0 0 0 2 1 1 1 1 0 1 1 1] 
.Accuracy: 0.24473326537546722.
--------------------------
Incorrect key: [1 2 2 0 0 0 1 1 0 1 1 0 1 0 1 1 0 2 2 1 1 0 0 1 0 0 1 0 1 1 1 2 2 1 1 0 2
 2 1 0 0 1 0 1 0 0 0 0 0 1 0 0 2 1 0 0 1 2 1 2 0 1 1 0 1 1 0 0 0 1 1 1 0 0
 0 0 0 0 2 0 1 1 0 1 1 1 0 2 2 1 1 1 1] 
.Accuracy: 0.22018348623853212.
--------------------------
Incorrect key: [1 1 0 2 0 1 0 1 0 2 0 0 0 1 1 1 1 2 1 1 0 0 0 1 0 1 0 2 0 0 0 1 1 0 0 2 1
 2 2 0 1 1 0 2 1 1 0 1 1 0 1 1 0 0 1 0 2 2 0 1 1 1 2 0 0 1 0 0 1 0 1 0 2 0
 2 0 1 0 2 1 1 0 1 0 1 1 1 1 1 0 1 0 0] 
.Accuracy: 0.33443764865783215.
--------------------------
Incorrect key: [1 1 0 0 1 2 1 1 1 0 0 1 0 0 2 1 0 0 1 2 0 1 0 0 0 0 0 0 1 1 1 0 2 1 2 1 2
 1 2 0 0 0 0 1 0 1 1 1 2 0 1 0 0 1 1 1 0 1 2 1 0 0 1 1 1 1 0 0 1 0 1 0 0 1
 1 0 2 0 0 1 1 1 0 1 0 2 1 2 2 0 1 0 2] 
.Accuracy: 0.5364424057084608.
--------------------------
Incorrect key: [2 2 0 0 1 0 1 0 0 1 0 0 1 1 2 0 0 1 0 1 0 1 1 0 1 0 1 1 1 0 1 1 0 1 0 1 1
 2 1 2 0 0 0 1 0 1 0 1 0 1 2 1 0 0 2 0 1 1 0 0 2 1 1 1 2 0 1 0 0 2 1 0 2 0
 1 1 1 0 1 0 0 0 1 1 0 2 0 1 1 1 2 2 0] 
.Accuracy: 0.39627930682976553.
--------------------------
Incorrect key: [1 1 1 1 1 1 0 0 0 1 2 1 1 1 2 1 2 0 0 0 0 0 1 0 1 2 0 0 0 1 2 1 1 1 0 2 1
 0 1 1 0 0 0 2 0 0 1 2 0 1 0 1 0 1 1 0 0 0 1 1 1 0 0 0 2 0 1 0 2 0 1 2 0 0
 1 0 1 0 1 1 1 1 1 1 1 1 2 0 2 0 0 0 2] 
.Accuracy: 0.3487937478763167.
--------------------------
Incorrect key: [1 1 1 1 0 1 0 0 0 1 1 2 1 0 1 0 2 2 1 2 0 0 1 0 0 0 0 1 1 1 2 0 1 0 0 2 1
 2 0 1 0 0 1 0 1 0 0 0 0 1 0 1 0 1 0 1 1 0 1 1 2 0 1 0 2 0 1 0 0 1 0 0 2 0
 0 1 1 1 1 1 1 1 0 1 1 2 2 2 1 0 2 0 1] 
.Accuracy: 0.41352361535847776.
--------------------------
Incorrect key: [0 1 2 2 1 1 0 0 0 1 0 1 1 1 0 1 0 0 2 1 1 0 0 2 0 0 1 0 0 0 1 1 0 2 0 1 0
 2 0 0 1 1 0 1 0 1 2 1 1 1 1 1 0 1 0 1 0 1 1 1 0 0 1 0 0 1 0 2 0 1 1 2 0 1
 0 1 2 1 0 2 0 0 2 1 2 2 1 1 1 0 0 0 1] 
.Accuracy: 0.21372748895684676.
--------------------------
Incorrect key: [0 2 0 1 0 2 1 0 1 0 0 1 1 2 0 2 0 0 1 0 1 0 1 0 2 0 1 1 1 0 1 1 0 2 1 1 1
 1 2 2 0 1 0 1 0 2 0 0 1 0 0 0 1 0 1 1 1 1 1 1 1 0 0 1 0 0 0 1 1 0 1 2 0 2
 0 0 2 0 2 2 0 1 0 0 1 1 1 0 1 0 1 1 1] 
.Accuracy: 0.31150186884131836.
--------------------------
Incorrect key: [1 1 0 1 0 2 0 0 1 0 0 1 1 1 1 1 1 0 1 0 0 1 1 0 2 0 1 1 1 0 0 0 2 2 1 0 0
 0 0 1 1 0 0 0 1 0 2 0 1 1 0 2 0 1 2 0 0 1 0 1 1 1 1 1 1 0 2 0 2 2 0 0 0 0
 1 1 2 1 0 0 0 1 1 1 0 1 2 1 2 1 1 2 0] 
.Accuracy: 0.46313285762827044.
--------------------------
Incorrect key: [1 2 0 1 0 1 1 0 1 0 1 2 1 1 0 0 1 0 1 1 1 0 0 0 0 0 0 2 0 1 0 0 2 0 1 2 0
 0 1 2 0 2 1 2 2 0 2 0 1 1 1 0 1 1 1 0 1 1 2 0 2 1 0 0 1 1 0 0 1 0 2 1 1 0
 1 1 1 0 1 0 1 1 1 1 0 1 2 0 0 0 0 0 1] 
.Accuracy: 0.3833673122663948.
--------------------------
Incorrect key: [0 1 0 1 1 0 0 1 1 0 1 0 1 1 1 0 1 0 1 0 2 1 0 1 0 1 1 0 0 1 0 1 0 1 2 2 1
 0 1 0 1 0 0 1 0 1 1 1 1 0 0 1 0 2 2 0 1 1 2 1 0 2 2 0 1 1 2 0 0 0 1 0 1 1
 0 1 0 2 2 0 1 0 0 2 0 0 1 0 2 2 0 1 1] 
.Accuracy: 0.31082229018008833.
--------------------------
Incorrect key: [1 0 1 0 0 1 0 1 1 0 0 0 0 1 1 1 0 2 1 1 2 1 2 2 0 1 2 1 0 0 0 1 0 0 0 1 2
 0 1 2 0 1 2 0 0 1 1 2 1 1 2 2 0 0 0 0 0 0 1 0 2 1 0 1 1 1 0 1 0 1 0 1 1 0
 0 2 0 1 0 0 1 1 1 0 1 1 1 1 0 2 1 1 0] 
.Accuracy: 0.3376656472986748.
--------------------------
Incorrect key: [1 2 1 1 0 0 1 2 0 1 1 1 1 2 1 0 0 1 2 0 0 0 2 1 0 1 0 0 1 1 1 0 2 0 2 1 1
 2 0 1 2 2 0 0 2 0 1 0 0 0 0 1 0 0 1 2 1 2 1 0 1 2 1 0 0 0 1 1 0 1 0 0 0 1
 1 1 1 1 1 1 1 1 0 0 0 1 1 0 0 0 0 1 0] 
.Accuracy: 0.2927285083248386.
--------------------------
Incorrect key: [2 0 1 2 0 1 1 0 1 0 2 1 2 0 0 1 0 1 0 2 0 0 2 0 0 2 2 1 2 1 1 0 0 1 0 0 0
 2 0 1 0 1 1 1 1 0 0 0 1 1 1 0 0 1 0 2 0 1 1 1 1 0 1 0 1 2 1 1 1 0 0 0 1 1
 2 0 1 0 0 1 0 1 0 0 0 0 1 1 1 1 2 1 1] 
.Accuracy: 0.368076792388719.
--------------------------

Incorrect key: [2 0 0 0 0 1 0 1 1 0 0 1 0 1 1 1 2 0 0 0 0 0 2 1 1 1 1 0 1 0 0 0 1 2 1 1 1
 1 1 0 1 2 0 2 2 0 0 2 1 0 2 2 1 1 0 0 0 2 1 1 1 1 1 0 1 2 1 1 1 0 0 1 1 1
 0 1 0 0 0 0 2 2 1 1 0 0 0 1 0 1 0 0 1] 
.Accuracy: 0.4087665647298675.
--------------------------
Incorrect key: [1 2 1 1 0 0 0 1 1 0 2 1 1 2 2 2 0 1 1 1 0 0 1 1 0 1 0 0 0 0 0 0 0 2 2 1 0
 1 1 0 0 1 0 2 1 1 1 1 0 0 2 1 0 1 1 0 0 1 2 0 2 1 1 2 1 0 1 0 1 0 1 0 0 1
 0 1 0 1 0 1 1 2 2 1 0 0 0 1 0 1 1 0 0] 
.Accuracy: 0.4166666666666667.
--------------------------
Incorrect key: [1 0 0 0 1 0 0 2 2 0 1 0 1 0 1 0 2 2 0 1 1 1 1 1 1 0 0 1 2 0 0 1 1 0 1 0 1
 1 1 0 0 0 1 1 1 0 0 0 2 2 1 1 0 1 0 1 2 0 1 0 2 1 0 0 1 1 1 0 0 2 1 0 1 2
 1 1 1 0 0 1 0 0 1 2 2 1 1 2 0 0 0 0 1] 
.Accuracy: 0.45803601766904517.
--------------------------
Incorrect key: [1 1 1 2 1 0 1 2 0 1 1 1 1 0 0 0 1 1 1 0 2 2 1 0 1 1 2 0 1 0 0 1 1 0 0 0 0
 0 0 0 1 0 2 0 1 0 0 1 1 0 0 0 2 1 1 0 1 0 0 0 2 1 1 2 0 1 0 0 2 1 1 1 0 1
 1 1 2 1 1 0 2 0 0 0 1 2 0 0 1 1 2 1 0] 
.Accuracy: 0.22579001019367992.
--------------------------
Incorrect key: [0 0 1 1 0 1 1 2 0 0 1 1 1 1 1 1 1 1 1 0 0 1 0 0 1 0 0 0 1 0 0 0 1 0 2 1 0
 1 0 2 2 0 1 0 0 2 0 2 1 0 2 1 0 0 0 0 1 1 1 1 0 1 1 1 2 0 0 0 0 0 0 1 2 1
 1 1 0 1 1 1 2 0 2 2 1 2 2 1 1 0 0 0 1] 
.Accuracy: 0.2805810397553517.
--------------------------
Incorrect key: [0 1 0 0 0 0 1 1 2 1 1 1 0 0 0 1 0 2 0 0 0 1 0 1 0 0 1 0 1 1 1 2 0 1 1 0 1
 1 0 0 2 2 1 2 0 1 2 1 2 1 1 2 1 0 1 0 0 1 0 0 0 1 2 1 0 1 0 1 0 1 1 0 0 0
 1 1 2 1 0 1 1 1 2 2 1 1 0 2 0 0 0 1 0] 
.Accuracy: 0.5596330275229358.
--------------------------
Incorrect key: [1 1 1 0 0 0 0 1 1 0 0 2 1 1 0 0 0 0 0 0 1 1 0 1 1 1 0 0 1 1 0 1 1 1 2 0 0
 1 1 1 1 0 1 2 1 1 2 0 0 1 0 0 0 2 2 0 1 1 2 1 0 0 1 0 2 0 1 0 1 2 0 1 2 2
 0 1 1 0 1 0 2 0 1 1 1 0 2 0 0 0 2 1 1] 
.Accuracy: 0.35304111450900444.
--------------------------
Incorrect key: [1 1 0 0 0 0 2 0 1 1 1 0 0 1 0 0 1 1 2 0 0 0 2 1 1 0 1 0 2 0 1 0 2 0 1 0 1
 0 2 1 0 0 1 2 1 1 2 1 0 0 0 1 2 1 1 0 1 1 0 0 1 1 0 1 1 1 0 1 2 0 1 1 2 0
 1 1 1 0 2 0 0 0 1 0 1 1 0 0 1 2 1 0 2] 
.Accuracy: 0.4252463472646959.
--------------------------
Incorrect key: [0 1 1 1 0 1 2 0 0 1 1 0 0 0 1 1 2 0 0 0 0 1 1 1 2 1 1 0 0 1 0 0 1 1 0 1 2
 0 1 2 1 0 1 1 2 2 2 1 1 1 0 1 1 1 0 0 0 0 1 0 0 0 2 2 0 1 0 1 1 1 0 0 2 0
 1 0 0 1 0 0 1 1 1 2 1 2 0 0 1 2 0 1 0] 
.Accuracy: 0.4477573904179409.
--------------------------
Incorrect key: [1 1 0 1 1 0 0 0 0 0 0 1 1 0 0 0 0 1 1 0 0 1 0 0 0 1 1 2 0 2 1 2 0 0 1 1 0
 1 0 2 1 1 0 1 2 0 1 0 2 0 0 0 0 1 1 0 1 1 1 1 0 1 0 2 1 1 1 2 1 0 1 0 2 1
 2 2 0 0 1 1 0 2 1 1 1 1 0 2 2 0 1 1 0] 
.Accuracy: 0.21355759429153925.
--------------------------
Incorrect key: [1 1 1 0 0 0 2 2 0 0 1 1 1 2 0 1 0 1 0 1 0 2 0 0 2 0 0 0 1 0 1 0 0 0 1 1 1
 0 1 2 0 0 1 1 0 1 0 1 2 0 2 0 0 2 0 0 0 1 1 0 1 1 1 1 1 1 0 1 0 1 0 1 1 1
 2 1 1 1 2 2 2 2 1 0 1 0 0 1 1 0 0 1 0] 
.Accuracy: 0.2902650356778797.
--------------------------
Incorrect key: [1 0 2 1 2 0 1 0 0 0 1 0 2 1 0 2 0 0 0 0 1 2 0 2 1 0 1 1 0 1 1 1 1 1 0 0 0
 0 1 0 2 1 1 1 0 1 1 1 0 1 1 1 0 0 1 0 2 0 0 1 1 1 1 0 1 1 2 1 0 2 0 0 0 2
 0 2 1 0 1 1 0 0 2 0 1 1 2 1 1 0 0 0 1] 
.Accuracy: 0.3724091063540605.
--------------------------
Incorrect key: [1 1 0 0 0 1 1 1 1 0 0 1 1 2 0 2 0 1 0 0 1 1 0 0 1 2 0 0 1 1 1 0 2 0 0 2 0
 2 0 1 1 1 1 0 0 1 1 2 0 2 2 1 1 0 0 2 1 1 1 0 2 1 2 1 0 1 0 0 1 1 0 1 0 1
 2 0 2 1 0 1 1 0 0 1 0 0 0 1 1 0 0 1 0] 
.Accuracy: 0.31702344546381245.
--------------------------
Incorrect key: [0 1 0 0 1 1 2 1 0 0 0 0 0 2 0 0 2 0 1 1 2 0 0 0 1 0 1 0 0 1 1 2 1 0 1 1 1
 0 2 0 1 2 2 0 2 2 1 1 1 1 1 0 0 1 2 0 1 1 1 0 0 0 1 1 1 0 1 0 1 1 0 1 0 0
 1 1 0 0 2 1 1 1 1 1 0 1 0 0 0 0 2 1 2] 
.Accuracy: 0.417261297995243.
--------------------------
Incorrect key: [1 1 0 0 2 1 1 1 0 1 1 1 1 1 1 1 0 2 0 0 1 0 2 2 0 0 0 2 1 0 1 2 0 1 1 0 1
 0 1 0 0 0 1 1 0 1 0 0 1 0 1 0 0 0 1 0 1 1 1 0 1 0 0 0 2 1 1 0 0 2 0 1 1 2
 1 0 1 2 0 0 2 0 1 1 1 0 0 2 1 2 1 2 0] 
.Accuracy: 0.4147128780156303.
--------------------------
Incorrect key: [0 0 1 1 1 0 0 1 0 0 1 1 1 0 0 1 0 1 0 1 1 0 1 2 0 1 1 1 0 2 0 1 1 0 0 2 0
 1 1 0 2 0 0 1 1 1 1 0 2 1 2 0 0 1 0 2 1 1 0 1 0 2 2 1 0 1 0 0 2 1 1 1 0 1
 2 0 2 1 1 2 0 0 2 0 0 1 0 1 1 0 0 0 1] 
.Accuracy: 0.17626571525654094.
--------------------------
Incorrect key: [2 1 1 0 1 2 1 0 1 0 1 0 0 0 1 0 0 0 1 1 0 1 0 0 0 1 0 0 1 1 1 2 0 0 0 1 0
 0 1 0 1 1 0 2 1 1 1 1 2 2 2 1 1 0 1 2 1 2 0 1 0 2 0 0 0 0 0 1 0 2 1 1 1 2
 1 0 1 0 1 0 1 0 1 1 0 0 0 1 0 2 1 2 1] 
.Accuracy: 0.4278797145769623.
--------------------------
Incorrect key: [1 1 1 1 0 0 0 1 0 1 0 2 0 0 1 2 0 2 0 1 1 0 1 0 0 1 1 1 0 0 0 1 2 0 2 0 1
 0 1 1 2 2 1 0 1 2 0 1 1 1 1 1 2 0 0 1 0 1 0 0 0 0 0 1 1 1 2 1 0 2 1 1 2 1
 2 1 0 0 0 1 0 1 1 0 0 0 2 0 1 1 0 0 1] 
.Accuracy: 0.36646279306829765.
--------------------------
Incorrect key: [1 0 1 0 1 0 0 1 2 0 1 2 0 2 1 1 2 0 0 2 0 1 1 0 0 1 0 2 1 0 1 0 0 1 1 2 0
 0 0 1 0 1 1 1 0 1 1 1 0 2 0 1 0 1 1 2 2 0 1 1 0 1 1 1 0 0 2 1 1 0 0 0 1 0
 0 1 2 0 1 0 0 1 1 1 0 0 2 1 1 1 0 0 2] 
.Accuracy: 0.273190621814475.
--------------------------
Incorrect key: [1 1 1 2 2 1 1 2 1 1 1 1 0 1 2 2 1 1 0 0 0 1 0 1 1 0 0 2 1 0 0 2 1 0 1 0 1
 1 1 0 0 0 0 1 0 0 1 0 0 0 1 0 1 1 1 0 0 0 1 1 0 0 1 0 0 0 1 0 1 1 1 0 0 0
 0 0 2 2 0 2 2 0 1 2 0 0 1 2 1 1 1 2 1] 
.Accuracy: 0.48640842677539925.
--------------------------
Incorrect key: [1 1 0 1 1 0 0 0 0 1 1 0 2 0 0 1 1 1 0 0 2 2 0 1 1 2 0 1 0 0 0 0 2 1 0 2 0
 2 1 0 0 0 0 0 1 1 1 0 2 1 2 0 1 1 1 1 1 1 1 1 1 1 1 0 0 1 2 2 0 2 0 0 1 1
 1 1 0 2 0 0 1 1 0 0 1 0 0 1 1 2 0 0 1] 
.Accuracy: 0.3121814475025484.
--------------------------
Incorrect key: [0 0 0 0 1 1 2 0 1 0 0 1 0 0 0 0 1 0 1 1 2 0 1 2 0 0 1 0 0 1 1 0 1 2 0 0 0
 2 0 1 0 0 0 0 1 2 1 2 2 2 1 1 0 1 1 0 0 0 1 2 2 2 1 0 1 0 1 0 0 1 1 1 1 0
 1 0 1 1 1 1 1 0 2 1 1 0 0 1 1 1 1 1 2] 
.Accuracy: 0.5557254502208631.
--------------------------
Incorrect key: [0 0 0 1 2 1 0 1 1 0 0 1 0 0 1 0 0 0 0 0 2 1 1 1 0 0 2 2 0 0 1 1 2 1 0 0 0
 1 1 1 1 0 0 1 2 0 1 1 0 1 1 1 0 1 0 1 2 0 2 0 2 1 2 1 0 1 0 1 0 2 2 1 1 1
 2 0 1 0 0 0 0 0 1 2 1 1 0 1 0 1 1 1 1] 
.Accuracy: 0.38260278627251104.
--------------------------
Incorrect key: [0 2 1 1 0 0 1 0 1 1 2 0 1 1 1 0 1 0 1 1 2 0 0 1 0 0 1 0 0 0 0 2 2 0 1 1 1
 1 0 0 2 1 0 0 1 0 1 1 0 1 2 1 2 0 0 1 0 1 2 1 1 1 0 0 0 1 1 0 1 2 0 1 2 1
 0 0 1 2 1 0 2 0 0 1 2 0 0 0 1 1 1 0 1] 
.Accuracy: 0.4858987427794767.
--------------------------
Incorrect key: [0 1 0 1 2 0 0 0 1 1 1 0 0 1 1 1 2 0 0 1 1 1 1 0 0 0 2 0 0 0 2 1 0 1 1 1 0
 1 1 2 1 0 2 1 1 1 0 0 2 1 1 0 1 1 0 1 2 0 0 0 0 1 1 0 2 1 0 1 0 1 0 2 1 1
 0 2 1 0 2 0 1 1 0 2 1 0 0 2 1 0 0 0 1] 
.Accuracy: 0.37317363234794426.
--------------------------
Incorrect key: [1 0 0 0 0 1 1 1 0 0 1 1 1 2 0 1 1 0 0 0 0 0 2 2 1 1 1 0 0 1 0 0 0 1 1 0 0
 0 0 2 0 0 1 0 1 0 0 0 0 0 0 1 2 2 1 1 2 1 0 2 1 2 2 0 1 2 1 2 1 1 1 1 2 1
 1 1 1 1 0 0 0 0 1 1 0 1 1 0 0 2 1 1 1] 
.Accuracy: 0.3724091063540605.
--------------------------
Incorrect key: [1 0 1 2 1 0 2 2 0 0 0 1 1 1 1 1 0 1 2 1 0 1 0 1 0 1 1 1 1 2 0 2 1 1 0 2 0
 0 0 1 1 0 0 2 1 1 0 2 0 1 1 0 1 0 1 0 1 0 2 0 2 0 2 0 2 1 1 0 0 0 1 0 0 0
 2 1 1 0 1 0 1 0 1 0 1 0 1 0 0 1 0 1 1] 
.Accuracy: 0.41012572205232756.
--------------------------
Incorrect key: [1 1 1 1 0 0 2 0 0 0 1 2 1 0 1 1 0 1 2 2 1 0 0 0 1 0 2 2 1 0 0 1 1 0 0 0 0
 0 2 2 1 2 1 0 2 1 0 0 1 1 0 0 1 1 2 2 1 0 0 0 1 0 1 0 0 1 1 2 1 1 0 0 0 1
 1 1 2 0 1 1 1 1 1 1 0 0 0 0 1 1 0 0 1] 
.Accuracy: 0.29187903499830103.
--------------------------
Incorrect key: [0 2 0 0 1 0 1 0 1 0 0 1 0 2 2 1 1 1 1 2 0 2 0 1 1 1 0 2 2 1 0 0 1 0 1 0 1
 0 1 0 1 1 0 1 0 2 1 0 0 0 0 0 2 0 1 1 1 1 0 2 1 1 1 1 1 2 1 2 1 0 0 1 0 1
 0 0 0 0 0 0 1 1 1 1 2 2 1 0 0 0 1 1 0] 
.Accuracy: 0.44070676180767926.
--------------------------
Incorrect key: [0 0 1 0 0 0 1 1 0 0 0 1 1 2 0 0 1 1 1 2 0 0 0 1 0 0 1 0 0 1 0 2 1 2 1 0 1
 1 1 2 0 1 1 1 1 1 0 2 1 2 1 0 2 0 0 0 0 0 0 1 0 0 2 1 0 0 1 2 0 1 1 0 2 1
 0 1 2 1 0 1 1 1 0 1 2 1 0 1 2 1 1 0 1] 
.Accuracy: 0.21109412164458036.
--------------------------
Incorrect key: [1 0 1 0 1 0 0 0 1 1 0 2 0 2 0 1 1 0 0 0 0 0 0 1 2 1 1 1 1 2 1 1 1 2 0 0 0
 2 1 1 0 0 0 1 1 0 0 1 0 2 1 1 0 1 2 1 0 0 2 0 0 0 1 1 0 0 1 1 1 2 0 0 1 1
 0 1 2 1 0 1 0 1 1 1 0 1 2 0 1 2 2 1 0] 
.Accuracy: 0.20191980971797485.
--------------------------

Incorrect key: [0 1 0 0 1 1 0 0 2 2 2 1 1 2 0 0 2 1 1 0 0 2 1 1 1 1 1 0 1 1 0 0 0 0 1 0 2
 1 0 0 0 1 1 1 0 1 0 1 1 0 2 0 1 0 1 0 0 0 0 0 0 1 1 1 0 1 0 1 1 2 1 2 1 1
 2 1 2 1 0 1 0 1 2 2 0 0 0 0 0 1 1 1 0] 
.Accuracy: 0.200135915732246.
--------------------------
Incorrect key: [1 0 1 1 2 1 2 1 2 2 1 0 0 1 0 1 1 0 1 0 0 2 1 1 0 1 2 1 1 0 0 1 1 1 0 1 2
 2 0 0 1 0 0 0 0 1 0 1 1 0 0 0 1 2 0 1 1 1 0 0 1 0 1 1 0 0 0 2 0 2 0 0 0 0
 1 1 0 0 0 1 0 1 1 2 1 1 1 1 1 2 0 2 0] 
.Accuracy: 0.35185185185185186.
--------------------------
Incorrect key: [1 0 1 0 0 0 1 2 2 1 2 0 0 0 0 2 0 0 1 0 1 2 1 0 0 1 0 1 0 0 1 0 1 0 0 2 1
 1 0 0 2 0 1 1 2 1 0 0 0 2 2 1 1 1 1 0 1 0 1 1 1 1 1 0 0 2 0 2 0 0 1 1 1 1
 1 0 1 0 1 0 1 0 1 1 1 2 1 0 1 1 2 0 0] 
.Accuracy: 0.5039925246347264.
--------------------------
Incorrect key: [0 0 0 1 0 1 0 1 2 0 0 0 2 1 0 0 0 1 2 2 1 1 0 1 1 0 0 1 2 0 1 1 1 1 0 0 1
 1 1 2 0 0 0 0 1 2 0 1 0 1 1 0 1 0 0 1 1 1 2 0 0 2 1 1 1 0 0 0 1 0 1 1 1 1
 2 0 1 2 1 2 1 0 1 1 0 2 2 0 0 0 0 1 1] 
.Accuracy: 0.2569656812776079.
--------------------------
Incorrect key: [1 1 2 1 0 0 1 1 1 1 1 1 1 0 0 2 0 1 0 1 1 1 1 0 0 1 1 2 0 1 0 1 0 2 1 0 2
 0 0 1 0 0 1 0 1 0 0 1 1 1 2 1 2 1 0 0 0 2 2 2 0 2 0 1 1 0 0 0 0 2 1 0 0 0
 1 0 1 0 1 2 1 0 0 1 0 1 0 1 1 0 0 1 2] 
.Accuracy: 0.295361875637105.
--------------------------
Incorrect key: [1 1 1 1 1 0 0 1 0 0 0 2 0 1 1 1 2 0 1 0 1 0 0 1 0 2 0 1 2 1 1 0 1 0 0 0 1
 1 1 1 0 2 1 0 0 0 1 0 1 1 2 0 0 1 0 0 0 2 2 2 0 0 2 1 1 1 1 1 0 0 0 1 1 0
 2 1 2 2 1 1 1 0 0 0 2 1 0 0 1 0 1 1 0] 
.Accuracy: 0.29748555895344886.
--------------------------
Incorrect key: [0 0 1 2 1 1 0 1 0 0 0 1 0 0 2 1 2 1 2 0 0 2 0 1 0 0 2 2 2 0 0 0 1 1 1 1 1
 1 0 0 0 1 1 0 1 2 0 0 1 0 1 2 2 0 1 2 1 0 1 1 0 0 0 1 0 0 1 0 1 0 1 0 1 0
 0 0 2 0 2 0 1 1 1 1 1 1 1 0 1 1 1 1 1] 
.Accuracy: 0.5347434590553857.
--------------------------
Incorrect key: [1 0 1 1 2 0 0 1 1 1 0 0 1 1 1 2 1 1 2 0 0 1 1 1 0 1 1 0 1 0 1 1 0 0 0 0 0
 0 1 1 0 0 2 1 0 0 2 0 0 0 1 0 0 1 2 0 1 2 0 2 0 2 1 1 1 0 0 0 1 2 1 2 1 0
 1 1 2 0 2 0 1 2 0 0 0 1 1 0 1 1 1 1 0] 
.Accuracy: 0.25908936459395177.
--------------------------
Incorrect key: [0 2 0 1 0 1 1 1 2 0 0 1 1 0 0 2 2 0 1 0 2 1 1 1 1 1 2 1 0 0 0 0 2 1 1 1 0
 1 1 0 0 0 0 2 1 1 1 1 0 0 1 1 0 0 2 0 1 1 1 0 2 0 1 1 1 0 2 1 0 0 0 1 0 1
 0 1 1 1 2 2 1 1 0 0 1 0 0 0 1 2 0 0 0] 
.Accuracy: 0.37895005096839957.
--------------------------
Incorrect key: [0 1 0 1 1 1 0 1 0 0 0 2 1 0 0 1 1 1 0 1 2 1 1 0 1 2 0 2 2 1 0 2 0 0 1 1 0
 2 0 0 1 0 1 1 1 1 1 1 1 2 1 1 2 2 2 0 0 0 0 1 0 1 1 0 1 0 1 0 0 1 1 0 0 1
 0 0 1 1 1 0 0 1 1 0 0 0 0 2 0 1 0 2 2] 
.Accuracy: 0.2790519877675841.
--------------------------
Incorrect key: [1 1 0 0 2 1 0 0 0 0 1 1 1 1 1 1 0 0 1 1 2 1 0 0 1 1 0 0 1 1 1 1 1 0 1 0 1
 0 2 0 1 1 0 2 0 0 0 2 1 1 2 1 0 0 0 1 1 0 0 2 1 2 1 2 1 0 2 0 1 0 1 1 2 1
 0 0 0 2 1 0 2 0 1 0 0 0 0 1 1 0 2 0 1] 
.Accuracy: 0.3600067957866123.
--------------------------
Incorrect key: [1 0 2 0 1 2 0 1 0 2 0 0 2 0 1 0 0 0 1 0 0 1 1 1 1 1 1 1 0 1 0 0 2 0 1 0 1
 1 1 0 2 0 1 1 0 2 1 0 0 1 0 1 0 0 0 0 1 2 0 2 1 2 0 0 0 0 1 2 1 2 1 0 1 1
 1 1 1 0 0 2 1 0 0 1 2 1 0 1 1 1 1 0 1] 
.Accuracy: 0.35202174651715934.
--------------------------
Incorrect key: [0 0 0 1 0 1 1 0 0 1 0 0 1 0 0 1 0 0 2 0 1 1 2 0 2 1 1 1 0 1 2 1 2 2 0 1 1
 1 1 0 2 0 1 0 0 0 0 0 0 1 2 1 0 0 0 1 0 1 2 1 2 1 0 0 0 0 1 0 1 2 0 2 1 0
 2 1 1 1 2 1 1 1 1 0 1 0 0 1 1 1 0 1 1] 
.Accuracy: 0.4762147468569487.
--------------------------
Incorrect key: [1 1 2 1 0 1 2 1 1 1 2 0 1 1 0 0 0 0 2 1 1 0 2 0 1 0 1 1 0 2 0 0 0 0 1 0 2
 1 1 1 0 0 0 0 0 1 2 0 0 1 1 0 2 0 0 1 1 1 2 0 1 0 0 1 2 0 0 0 0 0 1 0 0 1
 2 1 1 1 1 0 0 0 2 1 1 0 1 1 1 1 2 1 1] 
.Accuracy: 0.42176350662589196.
--------------------------
Incorrect key: [0 2 0 1 1 2 2 1 1 0 1 0 0 2 1 0 0 1 1 1 1 0 2 1 1 1 1 1 0 1 0 0 2 0 2 2 0
 0 1 0 2 0 1 0 1 0 1 2 0 1 0 1 1 0 1 1 1 1 2 0 1 0 0 1 0 0 0 0 0 0 1 0 1 0
 1 0 2 2 0 1 1 0 1 1 1 0 1 0 1 1 2 0 0] 
.Accuracy: 0.28950050968399593.
--------------------------
Incorrect key: [0 0 0 1 1 2 1 1 0 2 1 2 1 0 1 0 1 0 1 1 0 2 0 1 0 1 1 0 0 0 0 0 0 1 1 0 0
 1 1 0 0 2 0 0 1 2 2 1 1 1 1 2 1 2 1 0 1 0 1 1 0 0 1 0 0 0 2 2 0 2 0 1 1 1
 1 1 1 1 2 0 1 0 1 0 1 0 1 0 0 1 0 0 2] 
.Accuracy: 0.29655113829425755.
--------------------------
Incorrect key: [2 1 1 0 2 0 0 1 0 0 0 1 0 0 0 1 0 0 2 2 1 0 0 1 1 1 1 1 0 1 0 1 2 1 2 0 2
 0 0 0 2 0 1 0 1 0 0 0 0 1 1 0 1 1 1 1 0 1 0 1 0 0 0 2 0 1 1 2 0 0 1 1 2 0
 1 1 1 1 1 0 1 0 1 2 1 1 2 1 1 0 1 0 2] 
.Accuracy: 0.3281515460414543.
--------------------------
Incorrect key: [0 1 1 0 0 0 0 1 1 2 1 1 0 2 0 0 1 1 1 0 2 0 0 2 2 1 0 2 1 2 1 0 1 0 1 1 0
 2 0 0 1 0 0 1 2 0 1 0 1 0 0 1 1 0 0 1 0 0 0 0 0 1 0 1 1 1 2 2 2 0 1 1 0 1
 2 1 1 0 1 2 0 0 0 0 1 1 1 1 1 1 1 1 0] 
.Accuracy: 0.395429833503228.
--------------------------
Incorrect key: [0 1 1 1 2 2 1 1 2 1 1 1 1 1 0 1 2 1 0 1 0 1 1 1 0 0 0 0 1 0 0 1 1 1 0 0 2
 1 1 0 0 2 0 0 1 0 1 0 2 1 2 1 0 2 0 1 1 1 1 1 0 0 0 0 0 1 0 0 1 0 0 1 1 0
 0 1 1 2 2 2 0 0 1 0 2 0 0 0 2 1 1 0 0] 
.Accuracy: 0.29451240231056747.
--------------------------
Incorrect key: [0 1 2 1 0 2 2 1 1 0 2 1 1 0 0 0 1 2 1 0 0 0 0 1 0 0 1 0 1 2 0 0 1 1 1 1 0
 2 0 1 2 0 0 1 0 1 0 1 0 0 1 1 0 1 0 0 1 0 0 0 0 1 1 1 2 0 2 1 1 1 0 0 1 0
 0 1 1 2 1 1 0 1 1 0 0 1 1 2 0 2 2 1 1] 
.Accuracy: 0.273190621814475.
--------------------------
Incorrect key: [1 0 1 0 0 0 1 2 0 0 1 2 0 2 2 1 1 1 0 0 1 1 1 0 1 1 0 1 1 2 2 2 0 1 2 1 1
 0 0 2 0 0 2 0 1 0 0 0 0 1 1 0 0 1 1 0 0 2 1 2 0 2 1 0 0 1 2 0 0 1 0 1 1 0
 1 1 1 1 1 0 1 0 1 0 0 1 1 0 0 1 1 1 0] 
.Accuracy: 0.4977913693510024.
--------------------------
Incorrect key: [1 0 1 0 0 1 1 2 0 1 2 2 0 0 1 1 0 0 0 1 1 1 0 0 0 0 0 0 1 0 1 1 2 1 1 0 2
 1 0 0 0 1 2 0 1 1 1 0 0 1 0 2 1 0 0 2 0 1 2 2 1 2 2 1 2 0 0 2 0 1 1 0 0 1
 0 0 0 1 1 1 0 1 1 0 1 1 0 1 1 1 1 1 0] 
.Accuracy: 0.45956506965681276.
--------------------------
Incorrect key: [2 1 0 1 0 0 1 0 1 1 1 2 1 2 0 0 0 1 2 2 1 1 0 1 0 0 0 1 1 2 0 1 0 2 1 0 0
 0 1 1 0 1 1 0 0 0 0 2 0 1 2 0 1 1 0 2 0 1 1 0 2 0 1 1 0 0 2 1 0 1 1 1 0 1
 0 1 0 0 1 0 0 0 1 0 1 2 1 1 2 0 1 1 1] 
.Accuracy: 0.3394495412844037.
--------------------------
Incorrect key: [1 0 0 0 0 0 0 1 1 2 1 0 1 1 1 0 0 0 0 0 1 1 2 2 2 0 1 0 1 1 1 1 1 0 1 1 1
 2 0 1 0 1 0 2 0 0 2 0 1 0 1 1 0 0 1 0 2 2 1 1 1 0 0 1 1 0 1 0 0 0 1 0 2 0
 0 0 1 2 1 1 1 0 1 1 2 0 1 0 2 0 1 1 2] 
.Accuracy: 0.41777098199116547.
--------------------------
Incorrect key: [2 0 0 0 0 0 1 0 1 1 0 0 0 1 1 2 0 2 0 0 2 0 1 0 1 1 1 1 1 0 0 1 0 0 2 2 0
 2 1 0 1 1 1 1 0 0 2 1 0 1 1 2 0 0 1 1 0 0 1 2 0 1 0 0 0 0 1 1 0 2 1 0 1 1
 1 1 1 0 1 1 2 0 0 1 1 2 1 1 2 0 1 1 0] 
.Accuracy: 0.358392796466191.
--------------------------
Incorrect key: [1 0 0 1 1 0 1 0 1 0 0 2 2 1 0 2 2 1 2 1 0 0 1 0 0 0 0 0 0 0 0 1 0 2 1 1 1
 0 0 0 1 0 1 0 2 2 1 1 0 2 1 0 1 1 1 1 1 1 0 0 1 1 0 0 0 1 0 0 1 1 1 1 1 0
 0 2 1 0 0 1 1 2 0 2 1 1 2 1 2 1 0 0 1] 
.Accuracy: 0.3907577302072715.
--------------------------
Incorrect key: [0 2 1 0 1 1 0 0 1 1 1 0 0 0 2 0 1 1 1 2 0 1 0 1 1 1 0 1 1 1 0 0 1 1 0 2 1
 2 2 1 1 1 1 0 0 0 0 1 1 1 1 1 1 1 0 0 1 1 0 2 2 1 1 0 0 2 0 0 0 0 0 0 1 0
 0 1 1 0 1 0 2 1 0 1 2 2 2 0 0 0 0 2 0] 
.Accuracy: 0.5832483860006796.
--------------------------
Incorrect key: [1 0 0 1 2 0 0 2 0 1 1 0 0 1 0 1 2 0 1 0 1 2 1 0 1 1 1 0 0 2 2 2 0 0 0 0 1
 1 1 0 0 1 0 0 0 1 0 1 1 2 1 1 1 1 0 2 0 1 1 0 2 0 1 0 0 0 1 1 0 0 0 1 0 0
 1 2 0 1 2 1 1 2 1 0 1 1 0 1 0 1 2 1 1] 
.Accuracy: 0.3487937478763167.
--------------------------
Incorrect key: [1 1 0 0 1 1 0 2 0 1 1 1 0 1 0 0 0 0 0 0 0 2 1 1 1 1 2 0 0 1 1 1 1 0 1 0 1
 0 1 1 0 2 2 0 1 1 1 0 1 1 0 0 2 1 0 0 0 0 0 1 1 1 0 0 2 0 2 0 2 1 2 0 2 1
 2 1 2 0 0 2 0 0 1 0 1 1 1 1 1 1 0 1 0] 
.Accuracy: 0.4270302412504247.
--------------------------
Incorrect key: [0 1 1 0 1 1 1 2 1 1 1 0 0 0 0 1 2 2 1 0 0 1 1 0 1 0 1 2 1 0 1 0 2 1 1 1 0
 1 2 1 0 0 1 0 0 0 2 0 0 0 1 0 1 1 1 1 0 2 0 1 0 1 0 1 0 2 1 2 2 0 1 1 0 0
 1 0 1 0 1 0 0 1 0 2 2 1 1 0 0 0 0 2 1] 
.Accuracy: 0.44181107713217804.
--------------------------
Incorrect key: [0 2 1 1 0 0 0 0 1 2 1 1 0 0 2 0 0 1 0 0 1 0 1 1 0 2 0 1 0 1 0 2 0 1 0 0 0
 2 2 0 1 1 0 2 0 1 1 0 2 0 1 0 1 1 0 2 1 1 1 0 0 1 1 1 2 2 0 1 1 0 1 1 1 0
 0 0 1 1 0 2 0 1 0 1 0 1 1 1 1 1 1 0 2] 
.Accuracy: 0.4706931702344546.
--------------------------
Incorrect key: [1 2 1 1 1 0 0 1 0 1 2 0 2 1 1 0 1 2 0 1 0 1 0 0 1 0 0 0 0 1 0 1 0 0 2 0 1
 2 1 1 2 2 2 0 1 0 0 1 0 0 0 1 0 0 0 1 0 0 1 1 1 0 1 2 0 1 1 2 0 1 0 1 2 1
 2 0 1 1 1 0 1 2 1 1 1 1 1 0 1 0 0 0 0] 
.Accuracy: 0.27675840978593275.
--------------------------

Incorrect key: [0 0 1 1 1 0 1 1 2 0 2 1 1 0 1 0 2 1 0 0 1 0 2 0 2 2 1 2 1 1 0 0 1 0 2 0 0
 0 0 1 0 0 0 1 0 1 0 0 1 1 1 2 1 2 1 1 0 0 0 0 1 1 1 1 0 0 2 0 0 1 0 1 1 2
 1 1 1 2 0 1 0 1 1 0 1 1 0 2 1 0 0 1 0] 
.Accuracy: 0.3847264695888549.
--------------------------
Incorrect key: [0 0 2 1 1 1 1 1 1 0 1 1 1 0 0 0 0 0 0 0 1 2 2 0 0 1 1 1 0 0 2 0 0 0 0 1 2
 0 1 2 1 0 1 1 2 0 1 1 0 1 0 0 1 1 0 0 0 1 0 1 2 1 0 1 2 2 0 1 2 1 0 1 1 2
 0 2 2 0 0 1 0 1 1 0 1 1 1 0 1 0 0 1 1] 
.Accuracy: 0.38837920489296635.
--------------------------
Incorrect key: [2 0 1 1 1 2 2 0 1 0 0 1 0 2 0 0 2 1 0 2 1 2 1 1 0 1 0 1 1 0 1 1 0 1 1 1 2
 0 0 1 1 0 0 1 0 0 1 0 0 1 0 0 0 1 0 1 1 0 1 0 1 0 1 2 1 1 1 0 0 0 0 1 0 1
 2 0 2 2 1 0 0 1 0 2 1 1 2 1 0 0 0 1 1] 
.Accuracy: 0.48190621814475026.
--------------------------
Incorrect key: [0 0 0 2 0 0 1 2 1 1 2 0 1 0 0 0 1 0 1 0 2 1 0 2 2 0 2 1 2 0 1 1 2 1 0 1 0
 0 1 1 0 0 2 0 1 1 1 0 1 1 0 0 2 2 0 0 1 1 1 1 0 0 0 0 1 0 1 0 1 0 2 1 0 0
 1 1 0 2 0 1 1 1 1 0 1 1 1 0 1 1 0 1 1] 
.Accuracy: 0.3442915392456677.
--------------------------
Incorrect key: [2 2 0 0 1 1 0 1 0 0 0 0 2 1 2 2 2 0 1 1 0 2 0 2 1 1 1 0 0 1 2 1 1 0 1 0 0
 0 0 0 0 0 1 1 0 0 1 0 1 1 1 1 2 0 2 0 1 1 0 0 0 1 2 0 1 1 0 1 0 1 1 1 1 0
 1 1 1 1 0 1 2 0 1 0 0 1 1 0 1 2 0 1 0] 
.Accuracy: 0.1999660210669385.
--------------------------
Incorrect key: [0 0 0 1 1 0 0 1 0 1 1 1 2 1 1 1 0 0 2 1 1 1 0 1 1 1 0 1 0 1 2 1 2 0 0 1 1
 1 0 1 2 2 1 1 1 0 2 0 0 1 2 1 0 0 1 0 0 0 1 0 1 2 0 2 2 0 0 0 0 0 2 1 1 2
 0 0 0 0 1 0 1 1 0 0 1 0 2 1 0 0 1 1 1] 
.Accuracy: 0.3800543662928984.
--------------------------
