Incorrect key: [0 0 2 1 2 0 0 1 2 0 1 0 2 0 1 0 0 2 0 2 0 1 0 1 0 1 0 0 0 2 0 1 1 1 0 1 0
 0 2 1 1 1 0 1 1 1 1 1 2 0 0 0 1 1 0 0 2 1 0 1 1 1 1 0 0 0 1 1 1 0 1 1 2 2
 0 0 2 2 1 0 2 0 1 0 1 1 0 2 0 1 1 1 1 1 0 1 2 2 2 0 1 1 0 1 0 1 0 0 1 1 1
 1 0 0 0 1 0 0 0 0 0 0 0 1 0 1 1 1 0 2 1 1 0 0 1 1 0 1 0 2 1 1 0 1 1 0 0 2
 1 2 2 0 1 0 2 1 1 1 0 0 1 0 1 0] 
.Accuracy: 0.534899968243887.
--------------------------
Incorrect key: [0 0 0 1 1 0 1 0 2 2 1 0 2 2 0 0 0 1 0 1 0 1 1 1 0 1 0 1 0 2 0 2 1 1 1 1 1
 0 0 0 0 1 1 2 2 0 1 1 1 2 0 0 1 1 0 1 1 1 0 1 0 0 2 1 2 1 0 0 0 0 0 0 0 1
 0 0 0 0 1 0 2 2 1 2 0 1 0 1 1 1 1 1 0 1 2 1 2 1 2 0 0 1 1 1 0 2 0 0 1 0 2
 0 1 1 0 1 1 1 1 0 1 0 1 1 0 1 0 2 1 1 2 1 0 0 0 1 0 0 2 1 1 0 2 0 0 0 2 1
 1 1 0 1 0 0 2 0 1 1 0 0 1 1 1 0] 
.Accuracy: 0.03569387107018101.
--------------------------
Incorrect key: [1 1 2 0 1 0 0 1 1 1 0 0 0 0 0 2 2 1 0 0 0 0 0 0 0 0 0 1 0 1 0 1 1 2 1 1 0
 2 1 0 2 2 0 1 1 0 1 0 0 1 0 2 0 0 0 1 2 0 2 1 0 0 1 2 0 0 1 1 1 1 2 1 0 1
 0 2 2 0 0 2 1 0 1 0 0 2 0 2 0 0 0 0 1 1 2 1 0 1 1 0 1 2 1 0 2 0 1 1 1 0 1
 0 0 0 1 0 1 1 0 1 0 0 0 0 2 0 1 1 2 1 0 1 1 1 1 2 1 0 0 1 1 1 0 1 0 1 1 1
 1 1 0 0 1 1 0 1 1 1 2 1 1 1 2 1] 
.Accuracy: 0.6057161003493172.
--------------------------
Incorrect key: [0 1 1 1 0 1 1 0 1 1 0 0 1 2 1 1 0 0 1 0 2 1 0 1 1 1 1 1 1 0 0 1 0 2 2 1 0
 0 0 0 0 2 0 1 1 0 2 2 1 1 0 1 0 2 0 0 1 0 0 0 1 2 1 0 0 1 1 1 1 1 0 0 2 0
 0 0 1 0 2 0 0 0 0 0 1 0 1 1 1 1 1 1 0 1 2 0 2 0 0 1 0 1 1 0 0 1 0 0 1 1 0
 0 2 2 2 1 1 0 0 1 2 1 2 1 0 1 1 2 1 0 0 1 1 0 0 1 1 2 0 0 2 1 0 0 0 1 0 2
 0 1 2 1 1 0 1 1 1 1 0 2 0 1 0 2] 
.Accuracy: 0.26916481422673866.
--------------------------
Incorrect key: [1 0 1 0 0 1 2 1 0 2 1 1 1 0 1 1 1 2 2 0 1 0 1 1 1 0 0 1 0 0 0 1 1 1 2 0 0
 1 0 0 2 0 2 0 0 0 1 0 0 1 1 1 1 1 1 2 0 0 1 1 0 0 0 0 2 2 0 2 1 1 2 1 0 1
 2 0 1 0 2 0 1 0 0 1 1 0 1 0 0 1 1 0 1 2 1 0 0 1 1 0 0 2 0 2 1 0 2 0 1 1 1
 1 0 2 0 1 1 0 2 2 0 1 0 1 0 1 1 1 1 0 0 0 0 1 1 0 0 0 2 0 0 0 2 1 0 1 0 1
 0 1 1 1 2 1 1 2 1 0 0 0 1 0 1 1] 
.Accuracy: 0.3188948872657987.
--------------------------
Incorrect key: [0 0 1 0 1 2 0 1 1 0 0 2 2 0 0 1 1 2 0 0 0 0 1 2 2 1 0 0 1 1 0 2 0 0 1 0 1
 0 0 2 0 1 2 1 1 1 0 2 1 1 0 0 0 2 2 1 0 1 0 1 0 0 0 1 1 0 2 0 2 0 1 1 1 0
 0 0 0 2 1 1 2 1 2 1 1 0 1 0 0 2 2 0 1 0 0 1 0 0 0 0 2 1 1 0 1 1 0 1 0 1 1
 0 2 1 1 2 1 1 0 0 1 1 0 1 2 2 1 0 1 1 1 0 0 1 0 0 1 0 1 0 0 1 0 0 0 2 0 1
 0 0 1 1 1 1 1 1 1 1 1 1 1 0 1 1] 
.Accuracy: 0.03721816449666561.
--------------------------
Incorrect key: [0 0 1 1 1 0 1 0 1 0 0 0 2 1 2 2 1 2 1 0 2 1 1 1 2 0 0 0 0 1 0 1 0 0 1 1 1
 2 0 0 0 0 1 1 1 1 1 1 1 0 2 2 0 1 0 2 2 0 2 1 1 0 1 0 0 2 1 1 0 1 0 2 0 0
 0 1 2 0 2 2 1 0 1 1 0 2 1 0 1 0 0 0 2 0 1 0 0 0 1 0 0 1 0 0 0 0 0 0 0 2 0
 0 1 2 1 1 1 0 0 0 1 0 0 2 1 0 1 0 1 0 0 1 0 1 1 1 1 2 1 0 2 1 0 0 1 1 1 1
 1 1 1 1 1 1 1 0 1 2 1 0 1 1 1 0] 
.Accuracy: 0.3021276595744681.
--------------------------
Incorrect key: [0 0 2 0 0 0 1 0 2 0 1 1 0 2 0 0 2 0 0 0 1 0 2 1 0 1 0 1 1 0 1 1 1 0 0 0 0
 1 1 0 1 1 0 0 0 1 1 1 0 0 2 1 1 1 0 0 1 1 1 1 2 2 0 0 0 1 0 1 1 1 0 1 1 1
 0 0 0 0 0 0 0 2 1 1 1 1 0 1 0 1 2 1 0 0 2 1 0 0 0 1 1 0 0 1 0 1 0 2 1 0 0
 1 1 0 2 0 0 1 0 1 1 1 1 1 1 0 1 0 2 2 2 1 0 1 2 0 1 2 1 1 0 1 0 2 2 1 1 0
 2 0 1 0 0 1 2 2 1 2 1 2 1 1 1 0] 
.Accuracy: 0.13750396951413146.
--------------------------
Incorrect key: [1 1 0 1 1 1 0 1 0 1 2 1 0 0 1 2 2 1 1 1 0 0 1 0 1 0 1 1 2 1 0 1 0 1 2 1 2
 1 1 1 2 1 1 1 1 1 1 0 1 0 1 1 0 1 0 0 0 1 0 2 0 1 0 0 0 0 0 1 0 0 1 0 1 0
 1 1 0 0 2 0 0 2 1 0 1 1 1 2 0 0 0 1 0 0 0 0 2 0 0 0 0 0 2 1 2 0 1 1 2 0 2
 0 0 2 0 0 0 2 1 1 1 0 1 1 0 0 1 2 1 1 0 2 0 2 1 0 0 0 1 0 0 1 0 0 0 0 1 1
 1 1 1 1 1 2 1 0 1 2 0 1 0 1 2 2] 
.Accuracy: 0.8980628771038425.
--------------------------
Incorrect key: [1 1 1 2 0 1 1 2 1 0 2 0 1 1 2 1 0 0 1 1 2 0 1 1 0 0 1 2 0 2 1 1 1 1 0 1 0
 0 0 1 2 1 0 0 0 1 2 1 0 0 0 0 0 1 2 1 1 0 2 0 2 1 1 0 0 2 0 1 0 0 1 1 0 1
 2 0 1 1 1 1 0 0 0 1 1 2 2 1 1 0 1 0 0 1 1 0 0 0 1 1 2 0 0 0 1 1 0 2 1 1 2
 0 0 1 0 0 1 1 0 0 0 0 1 1 0 0 2 1 0 0 0 1 0 1 1 1 0 2 1 1 1 0 1 0 1 1 0 0
 0 0 2 0 0 0 2 2 1 1 2 1 1 1 0 0] 
.Accuracy: 0.73369323594792.
--------------------------
Incorrect key: [0 1 1 0 1 0 0 1 2 1 2 0 1 0 1 2 1 2 1 1 0 1 0 1 1 1 0 0 1 1 2 0 1 2 0 0 0
 1 0 2 0 2 1 0 1 2 1 0 0 1 1 2 0 2 0 1 0 1 1 0 2 0 1 0 1 0 1 0 1 0 1 1 1 0
 2 1 1 0 1 1 1 1 1 2 1 2 1 1 0 0 0 1 1 1 0 1 1 0 0 0 0 1 0 1 2 0 0 0 2 0 0
 0 0 0 0 2 1 0 1 1 2 0 0 1 1 1 1 1 0 1 0 2 0 2 1 2 1 1 1 1 2 0 0 1 1 1 0 0
 0 0 0 0 2 1 0 0 0 2 1 0 0 0 1 0] 
.Accuracy: 0.05760558907589711.
--------------------------
Incorrect key: [0 2 1 0 0 2 0 0 2 1 0 0 1 0 2 0 1 0 1 0 1 0 0 0 1 1 1 1 1 0 0 2 1 1 0 2 1
 2 0 1 2 0 0 1 0 0 2 0 1 0 0 1 0 0 1 1 0 2 0 0 1 1 0 0 0 1 2 0 0 2 2 2 0 1
 0 0 1 1 1 0 1 1 1 0 1 1 0 1 1 1 2 1 0 0 0 2 0 1 1 1 1 0 2 0 0 0 1 0 1 0 1
 1 0 0 0 0 2 0 1 1 1 1 1 0 0 1 0 1 1 2 1 1 2 0 1 2 1 0 1 1 1 1 1 1 1 0 0 2
 0 0 0 2 0 1 1 0 1 1 2 2 1 1 1 0] 
.Accuracy: 0.2147348364560178.
--------------------------
Incorrect key: [0 0 0 1 1 0 1 1 0 0 0 0 1 0 0 0 0 0 0 1 2 0 0 1 0 1 1 2 0 0 1 1 2 0 0 1 0
 0 1 2 1 0 0 1 0 0 2 1 0 0 1 0 2 2 2 2 1 1 0 1 0 0 0 0 0 1 2 0 2 1 1 1 2 2
 1 0 2 1 0 1 0 1 1 0 1 0 0 0 0 0 0 1 2 1 2 2 0 0 1 0 0 2 0 0 0 0 1 2 0 1 1
 1 2 1 2 0 0 1 1 1 0 1 2 1 1 1 0 1 1 1 1 1 1 0 1 0 1 1 0 1 2 0 0 1 2 1 1 1
 1 1 0 1 0 0 2 1 1 1 1 1 1 0 1 1] 
.Accuracy: 0.10358844077484916.
--------------------------
Incorrect key: [1 0 0 1 1 1 2 2 1 1 0 1 1 0 1 1 0 0 1 0 0 1 2 1 0 0 0 0 1 0 1 1 0 1 2 1 2
 1 1 0 2 0 0 1 0 0 0 2 1 1 0 0 1 2 0 1 0 0 0 0 1 2 0 1 1 1 0 1 0 1 2 1 1 0
 0 1 1 0 1 0 0 1 2 2 0 0 1 0 1 1 1 1 0 0 0 0 0 2 1 1 0 1 2 0 1 2 2 1 0 0 0
 0 0 2 1 1 0 1 0 2 2 1 1 1 1 1 0 1 0 1 2 1 1 0 0 1 0 2 0 1 1 0 0 2 0 0 0 1
 1 0 1 1 0 0 0 1 1 2 1 1 2 0 0 2] 
.Accuracy: 0.8034296602095904.
--------------------------
Incorrect key: [1 1 0 1 1 0 1 2 0 0 0 0 1 1 0 1 1 0 2 1 1 1 0 2 1 0 0 0 1 1 1 1 1 1 2 0 2
 0 1 0 2 1 0 0 1 0 0 1 1 0 0 1 0 1 0 0 1 1 0 0 0 2 0 0 0 0 0 1 0 1 2 2 2 0
 2 1 0 0 0 2 1 1 2 2 0 0 2 0 1 0 0 1 1 0 1 1 0 2 0 1 0 0 1 2 1 0 1 2 1 1 1
 0 2 1 1 1 1 1 0 1 0 2 1 1 0 1 2 1 1 0 1 0 1 0 1 1 1 0 0 1 0 0 1 1 0 2 1 2
 0 0 0 0 1 1 1 0 1 2 0 0 0 1 0 2] 
.Accuracy: 0.6345506510003176.
--------------------------
Incorrect key: [1 1 0 1 2 1 1 1 1 1 0 1 0 2 1 1 1 1 0 1 0 1 1 1 1 1 1 1 0 0 1 1 0 2 1 1 1
 0 0 1 1 0 1 1 1 0 0 0 0 0 1 2 1 2 2 2 1 0 2 0 1 0 0 0 0 1 1 0 2 0 0 1 1 1
 1 0 2 0 0 2 0 0 1 0 1 0 0 0 1 0 0 1 1 1 0 0 1 1 0 0 0 1 0 0 0 0 0 2 0 0 0
 0 2 2 2 2 0 1 2 0 0 0 0 0 2 2 0 0 1 1 1 0 0 1 1 1 0 1 2 1 1 1 1 2 0 1 2 0
 2 2 1 0 0 1 0 1 2 1 1 0 1 1 0 0] 
.Accuracy: 0.7040330263575738.
--------------------------
Incorrect key: [1 0 0 1 2 0 1 1 2 1 0 1 1 0 1 1 1 1 2 0 1 1 1 0 1 1 0 0 1 0 1 0 0 1 0 1 0
 0 2 1 2 2 1 0 1 1 1 1 0 0 1 0 0 0 1 1 1 2 1 2 0 0 0 0 0 0 1 1 0 1 2 0 0 1
 0 1 1 1 0 1 1 0 1 0 0 1 0 2 0 0 0 0 1 2 1 0 0 1 1 2 1 0 2 1 1 0 2 2 0 2 0
 1 0 1 1 1 0 2 0 2 2 0 1 0 1 0 1 1 1 0 1 0 1 1 0 1 0 1 0 2 0 0 1 2 0 0 2 2
 0 0 2 2 1 1 0 1 0 0 1 1 0 1 0 0] 
.Accuracy: 0.703334391870435.
--------------------------
Incorrect key: [1 1 2 1 0 1 1 1 0 0 1 0 0 0 0 1 0 1 0 0 1 0 1 0 1 2 1 0 0 1 0 0 2 1 1 0 1
 1 2 1 0 1 0 1 0 0 0 1 0 0 0 0 0 0 1 2 1 2 1 1 2 1 0 1 2 1 1 0 1 1 2 0 2 1
 2 0 1 1 1 1 1 0 0 0 1 0 0 2 1 0 2 0 0 0 1 0 0 1 2 1 2 1 0 0 1 0 0 1 1 1 1
 0 2 0 1 0 1 1 2 2 0 1 1 1 1 0 0 1 0 2 1 0 0 0 1 0 1 2 1 1 1 1 2 0 0 0 1 0
 0 1 0 1 0 0 0 1 2 1 2 0 0 2 1 2] 
.Accuracy: 0.6821848205779613.
--------------------------
Incorrect key: [0 1 1 1 0 1 1 0 2 1 1 1 2 1 2 1 1 0 2 0 1 0 0 1 0 0 0 1 1 1 0 1 1 0 0 2 0
 1 0 0 1 1 0 0 1 0 2 1 0 2 1 0 0 0 1 1 1 2 2 1 2 0 1 1 2 1 0 1 0 1 0 0 1 1
 0 0 0 1 1 1 0 1 0 1 0 0 0 0 0 1 0 0 2 1 0 2 1 1 1 0 1 1 0 0 1 2 0 2 2 1 1
 1 0 1 2 2 0 0 2 2 0 0 0 0 0 0 2 0 0 1 0 1 0 0 1 1 0 0 1 1 2 0 0 2 0 1 2 1
 0 2 0 1 1 1 1 1 0 1 0 1 1 0 1 1] 
.Accuracy: 0.11730708161321055.
--------------------------
Incorrect key: [1 1 2 0 1 0 0 1 0 1 0 2 0 0 0 0 0 0 1 1 1 2 2 0 0 1 1 1 0 0 1 0 2 1 1 1 2
 2 1 1 0 1 2 0 0 1 0 1 0 1 1 0 2 0 1 1 0 1 1 1 1 0 1 2 0 0 1 0 2 1 0 1 1 1
 0 0 1 0 1 0 0 0 1 1 1 1 1 1 0 0 1 1 1 2 0 0 2 1 2 1 0 0 1 0 1 0 2 1 1 2 1
 0 0 1 1 2 1 0 0 0 2 0 1 0 1 0 0 2 2 1 1 0 0 0 1 1 0 1 0 0 2 1 0 2 1 1 0 1
 0 0 0 0 0 0 1 2 2 1 1 2 0 1 0 0] 
.Accuracy: 0.7613845665290568.
--------------------------
Incorrect key: [0 0 1 1 2 0 0 0 0 1 1 0 0 1 1 1 1 1 1 0 1 0 0 2 0 1 0 0 1 0 2 0 1 0 1 0 1
 1 0 2 0 2 1 0 1 0 0 1 2 0 0 1 1 1 0 0 0 0 0 0 2 0 0 0 2 0 1 0 2 1 1 1 0 1
 1 1 1 1 1 1 2 0 0 0 1 1 0 1 1 1 1 1 0 0 2 0 1 1 1 2 1 0 1 0 0 1 1 1 1 2 1
 2 0 1 1 0 0 0 1 2 1 2 2 2 1 1 1 1 0 0 0 0 1 1 2 0 2 0 1 0 2 1 2 0 1 0 0 0
 0 1 2 1 2 0 0 0 2 1 0 1 1 0 0 1] 
.Accuracy: 0.03721816449666561.
--------------------------

Incorrect key: [2 0 1 0 1 1 0 0 1 0 0 2 1 1 2 0 0 1 1 1 0 1 1 1 1 1 0 0 0 0 1 1 2 0 1 1 2
 1 0 1 0 0 0 0 2 0 2 1 1 1 0 0 1 0 0 0 0 1 0 1 1 2 1 1 2 1 0 2 0 2 0 1 0 1
 1 0 2 2 0 2 1 1 2 0 0 1 0 1 0 1 0 0 1 2 0 0 0 0 1 0 0 1 2 1 1 1 1 1 1 0 1
 2 0 1 0 0 2 2 1 0 2 1 0 0 0 2 0 1 1 2 1 1 1 0 1 0 0 1 1 0 0 0 1 1 2 0 0 1
 1 1 0 1 1 0 1 0 1 0 1 2 0 0 0 1] 
.Accuracy: 0.6341695776436964.
--------------------------
Incorrect key: [1 1 0 0 2 2 0 1 1 2 1 1 0 0 0 2 1 0 0 1 0 1 0 0 2 0 1 2 1 0 1 1 0 1 1 2 0
 0 1 1 0 0 1 1 0 1 2 0 1 2 1 2 2 2 0 0 1 2 1 1 1 2 1 1 1 0 1 1 1 0 1 2 0 1
 1 1 0 2 1 1 1 0 2 0 1 0 0 0 1 1 0 1 1 0 1 0 2 0 0 1 0 0 1 0 2 1 1 0 0 1 0
 0 1 0 0 0 1 0 1 0 1 0 0 1 0 1 0 2 2 2 1 1 0 0 0 0 1 1 2 1 0 0 0 0 0 1 1 1
 2 0 1 0 0 2 0 1 1 1 1 1 0 0 0 0] 
.Accuracy: 0.8079390282629406.
--------------------------
Incorrect key: [2 2 2 1 1 0 1 2 2 1 1 1 0 1 0 1 0 0 1 0 0 0 1 1 0 0 0 1 0 2 1 0 0 1 1 2 0
 1 1 0 2 0 1 2 2 1 1 0 1 0 1 2 1 0 1 0 2 0 0 0 0 2 1 1 0 1 0 0 1 1 1 1 1 1
 1 1 1 0 0 2 1 1 1 0 0 0 0 0 0 2 1 0 0 0 1 0 1 2 0 2 0 1 0 0 1 1 1 0 0 0 0
 0 0 0 1 2 1 1 2 0 2 0 1 2 2 0 2 1 0 1 0 1 0 1 1 0 0 0 1 1 0 1 1 1 1 1 1 0
 1 0 2 1 1 1 0 0 0 2 1 1 1 0 0 0] 
.Accuracy: 0.8967291203556684.
--------------------------
Incorrect key: [0 2 0 1 0 2 2 1 1 1 2 0 0 2 0 1 0 0 1 2 0 1 2 1 2 0 2 1 2 0 0 1 1 0 0 1 2
 1 0 0 0 0 2 0 1 2 1 1 2 1 0 2 1 1 0 1 1 0 1 0 2 1 0 1 0 1 1 0 1 0 1 0 0 0
 0 0 0 1 1 1 1 2 1 0 0 0 1 0 1 0 0 0 0 1 2 1 0 1 0 1 0 0 1 0 1 1 1 2 0 1 2
 1 0 1 1 1 1 1 1 2 0 0 1 0 1 1 0 0 0 1 1 1 1 2 0 1 0 2 2 1 0 1 0 0 0 1 1 0
 0 1 0 0 1 0 1 2 0 1 1 0 1 0 0 1] 
.Accuracy: 0.21390917751667196.
--------------------------
Incorrect key: [1 1 1 1 0 1 1 0 0 0 1 0 0 0 1 0 1 0 0 0 1 1 1 1 0 1 0 1 0 2 1 1 0 0 1 1 0
 2 0 0 0 1 1 0 2 1 2 0 1 1 2 1 0 1 1 2 0 2 2 2 0 0 1 1 2 1 1 0 0 0 1 1 1 1
 0 1 1 1 2 0 0 0 0 0 0 0 0 0 0 0 1 1 1 2 1 2 2 0 0 1 1 0 2 1 0 0 1 2 1 1 0
 0 2 2 2 1 0 0 0 0 1 1 1 0 0 0 2 1 0 1 1 1 2 0 2 0 2 0 0 1 0 1 0 2 0 1 0 1
 0 0 1 2 1 1 1 1 1 0 1 0 1 0 1 1] 
.Accuracy: 0.4926643378850429.
--------------------------
Incorrect key: [1 0 1 2 1 1 1 1 1 2 1 1 1 2 0 0 0 1 1 1 2 1 0 1 1 0 0 0 1 0 2 1 1 1 1 1 0
 0 1 1 0 1 0 0 1 0 1 1 1 0 1 1 2 0 2 0 0 1 2 0 2 1 1 1 1 0 0 0 1 0 2 1 0 1
 2 0 0 2 0 0 2 0 1 1 0 0 1 0 0 0 2 0 0 1 1 1 0 0 2 0 1 2 0 1 2 0 2 0 2 1 0
 1 0 1 0 1 0 1 1 1 1 2 1 0 1 0 1 0 1 2 1 1 2 0 0 1 0 2 1 1 2 0 2 0 0 0 0 0
 1 0 1 1 0 1 0 0 0 0 1 0 1 0 0 0] 
.Accuracy: 0.7274690377897746.
--------------------------
Incorrect key: [1 2 0 0 1 0 0 1 1 0 1 1 0 1 0 0 2 0 1 0 0 1 2 0 0 1 0 1 0 0 1 1 0 2 0 1 0
 1 1 0 0 1 0 0 0 2 0 0 2 1 0 1 1 0 0 1 0 2 1 1 2 2 2 0 2 1 2 1 2 1 2 1 2 0
 0 1 1 0 2 1 0 0 1 1 1 1 1 1 2 1 1 1 1 1 2 1 1 0 1 1 1 2 0 1 0 0 0 1 1 0 2
 0 0 1 1 0 1 1 1 2 0 0 0 1 1 1 0 1 0 1 0 1 0 0 0 0 1 0 0 0 0 1 0 0 0 2 1 0
 2 1 0 1 0 0 1 1 1 0 2 0 0 1 1 2] 
.Accuracy: 0.6149888853604318.
--------------------------
Incorrect key: [2 2 1 1 0 0 1 0 0 1 2 2 0 2 0 1 1 0 1 1 0 0 0 1 1 1 2 0 1 0 1 1 1 1 0 2 0
 0 2 0 1 2 1 2 0 1 1 1 1 0 0 2 1 1 0 1 2 1 0 0 2 1 0 1 0 0 0 2 0 1 1 1 1 0
 0 1 1 0 0 0 1 0 1 0 0 1 0 2 2 0 0 1 1 1 0 1 0 1 0 1 1 1 0 1 1 1 1 1 1 1 2
 0 1 1 0 2 0 1 0 0 1 2 1 2 1 1 0 0 1 0 0 1 2 2 1 1 0 0 0 0 0 2 0 1 0 2 0 1
 0 0 1 0 1 0 0 2 0 0 1 1 0 1 0 0] 
.Accuracy: 0.5793585265163544.
--------------------------
Incorrect key: [0 2 1 2 1 0 0 2 0 0 1 0 0 0 1 1 1 1 0 0 0 1 0 0 1 0 0 1 1 2 2 2 0 0 1 0 1
 1 1 1 2 0 1 0 1 1 0 1 0 2 1 0 1 1 0 0 0 1 0 0 0 1 2 0 2 1 1 2 1 1 0 1 1 1
 2 1 0 0 1 1 1 2 1 0 0 2 0 2 2 1 0 1 1 1 1 0 1 1 0 0 0 0 1 0 0 0 0 0 0 2 1
 0 1 2 0 0 0 1 1 1 0 2 0 2 0 0 2 0 1 1 0 0 1 1 1 1 2 1 1 0 0 1 0 1 1 1 0 0
 1 1 2 0 0 1 1 1 1 2 0 2 0 1 0 1] 
.Accuracy: 0.29749126706891077.
--------------------------
Incorrect key: [1 0 0 2 0 0 2 1 0 0 2 0 0 2 0 1 1 0 2 1 0 1 1 2 1 1 1 0 0 0 0 1 1 1 1 1 0
 0 0 0 0 0 1 2 1 1 0 0 1 2 1 1 1 0 2 2 0 1 1 1 2 1 0 1 0 0 1 1 0 2 1 0 0 0
 1 1 0 0 0 0 1 2 0 0 1 1 1 1 0 0 0 2 0 0 2 1 1 2 1 1 0 1 1 0 1 0 1 1 1 0 1
 1 0 2 2 1 1 1 2 0 1 0 0 2 1 0 0 0 0 0 1 1 0 1 0 0 1 1 1 0 2 2 1 1 1 0 1 0
 0 0 0 1 0 0 1 0 1 2 1 2 1 1 2 0] 
.Accuracy: 0.5953000952683392.
--------------------------
Incorrect key: [0 1 1 2 2 1 1 1 2 0 0 0 0 1 1 0 1 1 1 2 1 1 1 1 0 1 1 1 1 1 1 2 2 2 1 2 1
 0 1 1 0 0 0 1 1 0 0 0 0 0 0 0 1 0 0 0 0 1 1 2 1 0 0 1 1 2 1 2 0 0 1 0 0 2
 0 0 0 1 1 0 0 0 0 0 0 1 0 0 0 2 1 0 1 0 2 1 1 0 1 1 0 1 1 1 2 0 1 0 0 0 1
 1 1 1 2 0 0 1 0 2 1 0 1 1 0 1 0 0 0 0 1 2 2 0 1 1 0 2 1 0 1 2 1 0 1 0 0 0
 1 0 1 2 2 1 0 0 0 2 1 0 1 1 2 1] 
.Accuracy: 0.29025087329310895.
--------------------------
Incorrect key: [0 1 0 1 0 0 0 0 2 0 2 0 1 0 1 0 1 1 2 1 1 0 1 0 0 0 1 0 0 0 0 1 0 1 2 1 0
 0 1 1 0 1 1 0 1 0 1 1 1 1 1 0 0 1 0 0 2 0 0 1 1 2 1 1 1 2 2 0 0 1 0 0 0 0
 1 2 0 1 0 2 2 1 0 1 1 0 0 0 1 1 0 0 1 1 2 1 0 0 0 1 1 1 0 1 2 1 0 2 2 0 1
 0 1 1 0 1 1 0 0 0 1 1 0 1 2 1 1 2 1 1 0 2 0 2 1 0 0 0 2 1 2 1 1 0 2 0 0 0
 1 1 2 0 1 0 1 1 0 1 1 1 2 0 2 1] 
.Accuracy: 0.21321054302953318.
--------------------------
Incorrect key: [0 0 1 2 0 1 0 1 2 0 0 0 1 1 1 2 2 2 1 0 0 1 0 1 0 0 0 0 1 0 2 1 1 1 1 1 0
 2 1 0 0 1 1 1 1 1 2 1 0 1 1 0 1 1 0 0 0 0 0 1 0 1 2 0 0 2 0 1 0 0 0 2 2 1
 0 1 0 0 0 0 1 2 1 0 0 1 0 0 2 1 0 2 1 1 1 1 2 1 1 0 2 0 1 2 1 1 0 0 1 0 2
 2 2 0 0 0 1 1 1 1 0 0 1 1 0 1 0 1 1 1 1 0 1 0 1 1 0 1 1 2 1 0 1 2 0 1 0 0
 0 2 0 0 1 0 0 0 1 2 0 1 0 1 1 1] 
.Accuracy: 0.382216576691013.
--------------------------
Incorrect key: [1 0 0 0 0 1 2 0 0 2 1 0 0 2 0 0 1 0 1 0 1 2 1 1 0 1 1 1 1 0 0 1 2 1 2 1 1
 2 0 0 1 2 1 1 0 0 0 2 1 0 1 2 0 0 1 0 1 1 1 1 0 0 2 2 0 2 1 0 1 0 1 1 1 1
 2 1 1 0 0 0 1 1 1 1 1 0 1 0 1 0 0 0 1 1 0 2 1 0 1 2 0 1 0 2 2 0 1 0 0 0 1
 2 2 1 0 0 1 1 1 2 2 0 0 0 1 1 0 0 1 1 1 2 2 1 1 1 1 0 0 0 1 1 0 0 1 0 0 1
 1 0 1 0 0 1 0 2 0 0 0 0 0 1 0 1] 
.Accuracy: 0.5791679898380439.
--------------------------
Incorrect key: [2 1 0 2 0 1 1 1 1 2 0 1 1 0 0 0 1 1 1 1 1 1 1 0 0 2 0 0 1 0 0 2 0 1 1 0 0
 1 0 1 2 1 1 2 2 1 1 1 2 2 1 0 0 1 1 0 0 0 1 1 0 0 0 2 0 1 0 1 1 0 0 1 0 0
 0 0 0 1 2 1 0 2 2 1 0 0 1 1 0 1 1 2 0 2 0 1 1 1 0 0 0 1 1 0 0 2 2 2 1 2 2
 1 2 0 0 0 1 0 0 1 0 2 1 1 1 1 0 0 0 0 0 0 0 1 0 0 1 0 1 1 0 1 1 0 1 1 1 2
 1 1 1 1 0 0 1 0 1 2 0 1 0 1 0 0] 
.Accuracy: 0.48986979993648777.
--------------------------
Incorrect key: [1 1 1 1 0 1 0 0 1 0 1 0 1 1 2 0 1 2 2 0 1 0 0 2 1 0 1 0 1 0 1 0 1 2 1 0 2
 0 0 2 1 0 2 0 2 0 0 1 0 1 0 1 0 0 2 2 1 0 1 1 2 0 0 1 2 1 0 1 0 0 0 1 0 1
 0 1 1 2 2 1 1 2 0 1 1 0 1 1 1 1 0 0 2 1 1 0 1 0 1 0 0 0 1 0 0 1 0 0 0 0 0
 1 0 1 0 1 1 2 2 1 1 1 1 1 0 1 0 0 1 2 0 0 0 0 1 1 2 0 0 1 1 0 1 1 0 2 0 1
 0 1 2 0 1 2 0 0 1 1 1 0 1 0 2 1] 
.Accuracy: 0.33445538266116226.
--------------------------
Incorrect key: [0 1 2 1 0 1 0 1 1 1 1 0 0 2 0 1 2 1 0 1 2 2 0 1 1 1 0 1 0 0 0 1 0 0 1 2 1
 1 0 0 0 1 0 1 1 2 0 0 1 1 0 1 0 1 1 0 0 0 2 1 2 0 0 2 2 1 2 0 0 0 2 2 0 1
 0 1 1 0 1 0 1 0 0 1 0 0 1 0 2 0 2 1 0 2 1 0 0 0 1 0 1 1 1 0 1 1 1 1 1 1 1
 1 1 1 1 1 0 1 0 2 0 0 0 0 2 2 0 1 0 0 2 0 0 1 1 1 1 2 0 1 0 1 0 1 0 0 0 0
 2 1 1 1 2 0 2 1 1 0 0 1 0 0 1 1] 
.Accuracy: 0.03721816449666561.
--------------------------
Incorrect key: [1 1 1 2 0 1 0 1 1 1 1 0 1 0 0 0 2 1 0 2 2 0 1 1 1 0 0 0 0 0 1 0 0 2 1 1 1
 0 0 0 2 1 0 1 1 0 0 2 0 0 0 2 0 2 1 1 0 0 1 0 1 1 0 0 1 0 0 1 0 2 1 1 1 1
 1 2 2 1 0 0 1 1 0 1 1 0 1 0 1 0 1 0 2 1 1 1 1 0 1 0 0 1 2 0 1 0 0 0 1 2 1
 1 1 0 0 2 1 0 0 1 1 2 2 0 2 1 0 1 1 1 0 2 2 0 1 1 0 1 0 0 0 1 0 1 2 0 0 0
 1 0 0 1 2 1 0 1 1 2 1 0 2 0 1 0] 
.Accuracy: 0.32086376627500796.
--------------------------
Incorrect key: [1 0 0 1 0 0 2 0 1 0 0 2 1 0 1 0 0 1 1 0 0 2 1 0 0 1 0 0 1 1 1 1 1 1 1 0 0
 2 1 1 1 1 1 1 1 1 1 1 1 0 0 0 1 0 0 2 1 0 1 1 2 1 2 0 0 1 0 1 1 1 0 2 0 0
 0 1 0 1 1 1 1 1 2 0 0 0 0 0 1 0 2 0 2 2 1 0 0 1 0 0 1 2 1 0 1 1 1 0 1 0 0
 0 1 1 0 2 2 0 2 1 1 1 1 2 1 0 0 2 0 1 0 0 1 0 0 2 1 0 0 0 1 2 0 0 1 1 1 0
 1 0 2 1 0 2 2 1 1 0 0 0 2 1 2 0] 
.Accuracy: 0.8744363289933312.
--------------------------
Incorrect key: [0 0 1 1 0 1 0 0 2 0 1 1 0 0 1 1 0 0 1 0 1 0 0 1 2 2 1 0 2 0 1 0 1 1 0 0 0
 0 2 0 1 1 1 1 1 0 0 1 1 1 2 0 1 1 0 2 0 0 1 1 0 2 0 1 0 1 1 2 1 2 0 1 0 1
 1 1 0 1 0 0 0 0 2 0 2 0 1 0 2 2 0 2 0 1 1 1 0 1 2 2 0 0 1 1 2 1 0 1 0 0 1
 0 1 1 1 1 1 1 1 0 0 1 2 1 1 0 0 1 1 1 2 1 1 1 0 1 1 0 1 0 0 0 0 0 1 0 0 0
 0 1 0 1 1 1 2 0 0 1 2 0 2 2 0 2] 
.Accuracy: 0.38120038107335663.
--------------------------
Incorrect key: [0 0 2 1 1 1 2 1 0 1 2 2 0 0 1 0 2 0 2 1 1 0 1 1 0 0 1 0 0 1 1 0 0 1 2 0 2
 0 0 0 1 1 1 0 2 0 1 0 1 0 2 1 0 1 1 0 1 1 0 0 1 0 0 1 1 1 0 1 1 1 1 2 0 0
 0 0 0 1 0 1 0 2 0 0 0 2 1 1 1 2 1 0 0 0 0 0 1 0 2 1 1 0 0 0 2 2 0 2 1 0 1
 0 1 2 2 1 0 1 1 0 0 0 1 0 1 1 2 0 1 0 0 0 0 0 1 1 0 2 1 0 2 1 1 1 0 1 0 1
 2 0 1 1 1 1 2 1 1 1 0 1 1 1 1 0] 
.Accuracy: 0.058494760241346457.
--------------------------

Incorrect key: [1 1 1 0 2 0 0 1 0 2 0 1 1 0 1 2 0 1 1 1 1 1 0 0 2 1 1 2 0 0 1 2 0 0 0 1 1
 1 0 1 0 0 1 1 0 0 0 0 0 1 0 0 0 2 0 1 1 1 0 0 0 0 1 0 1 2 0 0 1 2 0 2 1 0
 1 2 1 0 1 0 1 0 1 0 0 2 1 0 0 0 2 0 2 1 0 0 1 0 1 0 1 0 2 1 2 0 2 2 1 1 1
 1 2 1 1 0 1 1 1 0 1 0 1 1 0 0 0 2 1 1 2 1 1 2 1 1 1 0 1 0 0 0 1 1 1 1 0 0
 1 1 2 0 1 1 0 0 2 1 1 2 0 0 0 0] 
.Accuracy: 0.8903143855192125.
--------------------------
Incorrect key: [0 1 0 0 0 0 0 1 0 1 1 0 0 2 0 1 1 0 0 2 0 0 0 0 1 0 0 0 2 0 0 2 1 0 2 1 1
 0 2 1 2 0 1 1 2 1 1 0 0 1 1 1 1 2 1 1 0 1 1 1 1 0 2 0 1 0 1 0 2 1 0 1 2 1
 2 1 0 0 2 2 1 0 0 0 2 0 0 0 0 0 2 1 0 0 2 1 0 1 0 2 1 2 0 1 0 0 1 0 1 0 0
 1 1 1 1 1 1 0 2 0 1 1 0 1 0 0 1 0 0 2 1 1 1 1 1 0 0 1 1 2 1 1 1 0 1 2 1 0
 0 1 1 2 1 0 1 1 1 1 1 0 0 0 1 0] 
.Accuracy: 0.29869799936487773.
--------------------------
Incorrect key: [1 2 2 1 0 1 0 0 0 0 0 1 1 1 1 1 0 0 1 2 0 0 2 1 1 1 1 0 0 1 1 1 0 1 1 0 2
 0 0 1 2 0 0 2 1 1 1 0 1 1 0 1 1 2 0 1 0 0 1 0 0 0 1 1 1 1 0 1 2 2 0 2 2 1
 1 0 0 0 2 0 1 0 2 0 0 1 0 1 1 0 0 2 0 1 0 1 0 0 0 1 0 1 0 1 1 1 1 1 0 1 1
 1 0 2 2 1 0 2 0 2 0 0 0 2 1 1 0 0 1 0 0 1 1 0 2 2 0 0 1 0 1 0 0 1 2 1 0 0
 0 1 1 2 1 2 1 1 1 1 0 0 1 1 0 0] 
.Accuracy: 0.802667513496348.
--------------------------
Incorrect key: [1 0 0 0 1 1 1 1 0 1 1 0 1 0 1 1 0 0 1 0 1 0 2 0 0 0 0 0 1 0 0 1 2 1 0 1 1
 0 2 0 0 2 2 1 1 1 0 0 1 1 0 1 0 1 0 0 1 1 1 2 2 2 1 2 1 2 0 0 0 0 0 2 1 0
 1 0 0 1 1 2 1 0 0 0 1 1 2 1 1 2 1 0 0 1 1 2 1 1 0 0 1 1 0 0 0 1 0 2 1 1 1
 0 2 1 0 0 2 0 0 2 1 1 0 1 0 2 0 0 1 0 0 1 1 1 0 0 0 1 2 0 1 0 1 1 0 1 2 1
 0 0 0 0 1 1 2 1 1 1 1 1 0 0 2 2] 
.Accuracy: 0.7766275007939029.
--------------------------
Incorrect key: [0 1 1 1 0 0 1 1 2 0 2 1 2 2 0 1 0 1 1 0 2 0 1 2 1 0 2 1 1 1 1 0 0 1 1 0 1
 1 0 2 1 0 0 1 2 0 1 0 1 0 0 0 1 0 1 0 2 0 1 1 0 1 2 0 1 1 0 1 1 1 1 1 0 2
 1 0 1 1 0 0 1 0 0 0 1 0 1 0 1 2 1 1 0 2 0 0 0 1 1 1 0 0 2 1 0 0 1 0 1 0 1
 0 0 0 0 1 2 0 1 1 0 0 1 0 1 2 1 1 1 1 2 0 1 0 0 0 2 1 2 0 0 2 0 1 1 1 0 0
 2 2 0 0 0 0 2 2 1 1 1 0 0 0 1 1] 
.Accuracy: 0.22826294061606858.
--------------------------
Incorrect key: [1 0 0 0 1 0 0 1 1 2 2 1 2 2 2 0 0 0 2 1 0 0 1 1 0 0 0 2 1 1 0 1 1 0 0 1 1
 0 0 1 1 0 0 1 1 1 1 1 1 0 0 0 0 1 0 0 1 1 1 2 0 0 1 2 2 2 1 2 1 1 1 0 1 0
 2 0 1 0 2 0 0 0 1 1 1 0 1 0 1 1 0 0 2 1 1 0 2 2 1 2 1 1 0 0 0 0 0 1 0 0 1
 1 1 1 1 1 0 1 0 2 0 0 1 0 2 0 1 1 1 0 0 0 1 0 1 1 2 1 0 2 1 2 1 1 0 1 1 1
 0 0 0 0 1 0 0 0 0 0 2 0 1 2 1 1] 
.Accuracy: 0.8258494760241346.
--------------------------
Incorrect key: [0 0 1 1 1 1 1 0 0 0 0 1 1 0 0 1 2 1 0 1 1 0 1 1 0 2 1 0 0 1 1 1 0 0 0 0 1
 1 0 2 0 0 0 1 0 1 1 0 0 2 0 1 2 2 1 1 1 0 1 1 1 1 1 1 1 0 0 1 1 0 0 0 0 1
 1 0 2 0 2 0 2 1 1 0 0 0 0 0 0 2 1 2 1 0 0 1 0 0 0 1 0 2 1 1 1 1 1 0 1 1 2
 0 2 1 1 0 2 1 0 1 0 0 1 0 2 0 0 0 1 1 2 1 2 0 2 2 1 1 0 0 1 2 0 1 2 1 1 2
 0 2 2 0 0 1 0 0 1 0 1 1 0 1 1 0] 
.Accuracy: 0.2670689107653223.
--------------------------
Incorrect key: [1 2 0 1 1 2 0 1 2 0 1 2 0 0 1 2 1 0 1 0 1 2 1 0 1 0 2 1 2 0 0 1 1 0 0 2 1
 1 1 1 0 2 0 1 1 0 0 1 1 0 2 2 0 0 0 1 1 0 1 0 0 1 0 0 0 1 0 1 1 2 1 1 1 2
 0 1 1 2 1 1 2 1 0 1 0 0 1 0 0 1 0 0 2 0 1 1 0 0 0 0 0 1 1 0 1 1 2 2 0 1 0
 0 1 1 0 0 2 0 0 0 0 1 1 1 0 1 0 0 2 1 1 1 1 1 2 2 0 0 0 0 2 0 1 1 0 1 2 1
 0 0 1 0 0 1 0 1 1 0 0 0 1 1 1 1] 
.Accuracy: 0.8149253731343283.
--------------------------
Incorrect key: [2 2 0 1 0 0 1 1 0 0 2 0 1 1 0 0 2 1 0 1 0 0 1 1 0 0 0 0 0 1 1 1 2 2 0 0 0
 0 1 0 1 2 0 2 1 1 2 0 0 0 2 1 1 1 1 1 0 0 1 0 1 0 1 1 2 0 0 1 1 1 0 0 0 1
 1 0 2 2 0 1 1 1 1 0 1 1 0 0 1 0 0 1 0 2 0 0 2 2 1 1 1 1 1 1 0 1 2 1 1 0 1
 1 0 1 1 1 0 2 0 0 1 1 1 0 0 1 0 2 2 1 1 1 1 0 0 1 1 0 0 2 0 0 2 0 0 2 1 1
 1 0 1 2 1 2 0 0 1 0 0 0 1 0 1 0] 
.Accuracy: 0.3210543029533185.
--------------------------
Incorrect key: [0 0 1 1 1 0 0 1 1 1 0 2 2 2 0 2 0 0 1 1 1 1 2 1 1 0 1 1 2 1 0 1 0 0 2 0 0
 2 1 0 1 1 0 1 0 1 1 0 1 0 0 2 1 0 0 0 1 0 2 1 1 1 1 1 0 1 1 1 1 0 0 0 0 0
 0 0 1 1 0 0 2 1 1 2 0 1 1 1 2 1 1 1 0 0 1 0 2 0 0 1 1 2 0 1 1 0 0 1 1 0 2
 2 2 0 0 0 0 1 2 0 0 1 0 1 0 1 0 1 1 0 0 1 1 0 2 0 1 2 2 1 1 1 0 2 1 0 0 0
 1 0 1 1 0 1 1 0 0 0 0 0 2 1 2 0] 
.Accuracy: 0.21365512861225786.
--------------------------
Incorrect key: [0 0 1 2 1 2 1 1 0 0 0 1 1 1 0 0 2 1 1 1 0 1 1 0 1 1 0 1 2 0 0 0 0 1 1 1 0
 1 2 2 0 0 0 1 1 2 2 1 0 0 1 0 0 0 0 1 0 1 1 1 2 0 0 1 2 2 2 0 0 0 0 2 1 0
 1 1 1 1 0 0 1 2 2 0 0 1 1 1 0 1 1 2 1 0 0 0 2 2 0 1 1 0 2 1 1 1 0 2 1 0 0
 0 2 1 1 0 0 0 0 1 1 0 1 0 2 1 1 0 1 1 1 0 0 0 1 1 1 0 0 0 0 1 0 0 2 1 1 0
 1 0 2 1 1 0 1 1 0 0 1 0 1 0 1 2] 
.Accuracy: 0.18640838361384565.
--------------------------
Incorrect key: [0 1 1 2 0 0 0 0 0 0 1 0 1 1 2 2 2 0 0 0 1 0 1 0 0 1 1 0 0 1 1 2 1 0 1 1 1
 0 2 2 0 1 0 1 0 1 1 0 1 0 0 1 0 0 1 1 0 2 2 1 0 0 0 1 2 0 2 2 1 0 1 0 1 1
 1 1 0 0 0 0 1 1 1 1 1 1 1 1 1 0 2 2 1 1 1 0 0 0 0 0 0 0 0 0 1 2 2 0 0 1 0
 2 0 0 0 0 1 2 1 1 1 2 0 1 0 1 0 1 2 0 0 1 0 1 0 2 2 1 0 2 1 1 1 0 0 1 0 0
 1 1 2 1 1 1 1 1 1 0 1 0 1 2 0 1] 
.Accuracy: 0.03721816449666561.
--------------------------
Incorrect key: [0 1 0 0 1 1 1 0 0 0 0 2 1 0 2 0 1 1 2 1 2 1 1 0 0 0 0 1 1 1 1 0 1 2 1 0 0
 1 1 0 0 2 1 0 0 2 1 0 1 0 1 1 0 1 2 0 1 1 1 1 2 0 1 1 2 1 1 0 0 1 0 1 0 2
 1 1 1 2 1 0 0 0 1 1 1 2 0 0 1 1 2 0 1 0 0 1 1 0 1 1 1 0 1 1 0 2 2 2 2 2 0
 0 1 0 1 2 2 1 0 1 0 1 0 0 0 0 0 0 0 0 2 1 0 1 0 0 0 0 1 1 0 1 1 1 1 2 0 0
 2 0 1 0 0 0 0 1 1 2 0 1 0 1 1 0] 
.Accuracy: 0.1633534455382661.
--------------------------
Incorrect key: [1 1 2 0 1 2 0 1 0 1 0 0 1 1 0 1 0 1 1 0 0 1 0 0 1 1 0 2 0 0 1 2 1 1 1 0 2
 1 0 2 0 1 2 2 2 1 0 0 0 1 1 1 1 0 1 1 0 0 1 2 0 2 1 2 1 1 2 2 1 1 0 0 0 1
 0 1 0 1 1 1 1 0 1 2 1 0 0 1 1 0 0 1 0 0 0 0 1 2 0 0 0 1 1 1 0 2 0 1 0 0 0
 0 1 0 2 0 0 2 1 1 0 1 0 0 0 0 1 0 0 1 0 1 0 1 1 1 1 1 1 0 0 0 1 1 2 0 2 0
 1 0 2 1 0 0 1 1 2 2 0 2 0 1 1 1] 
.Accuracy: 0.8977453159733249.
--------------------------
Incorrect key: [0 0 1 1 0 0 0 0 1 1 1 1 0 0 1 0 1 0 0 1 1 0 0 2 2 1 0 0 0 1 2 2 0 1 0 1 1
 0 1 0 1 1 1 2 1 1 0 0 1 1 1 0 1 1 1 0 0 1 0 0 1 1 0 1 0 0 2 1 0 0 0 0 0 0
 0 0 2 1 1 1 1 2 0 2 1 2 1 2 0 1 0 0 2 1 1 0 0 0 1 2 1 0 0 0 2 1 1 2 1 1 0
 2 0 0 0 0 1 2 0 1 1 1 1 0 1 0 0 0 1 1 1 1 0 0 1 0 2 1 0 2 2 1 1 2 0 2 0 0
 1 0 1 1 2 2 1 0 1 2 1 0 1 1 0 1] 
.Accuracy: 0.25284217211813276.
--------------------------
Incorrect key: [1 1 0 0 1 1 2 1 0 0 0 1 1 2 1 0 0 0 0 0 1 0 0 1 2 2 1 1 2 0 2 1 0 1 2 0 1
 2 1 0 2 2 0 2 0 2 0 0 0 1 1 0 0 0 0 1 1 0 1 0 1 0 0 0 1 0 1 0 1 1 1 1 1 1
 1 0 0 0 1 1 0 1 2 1 0 2 0 0 2 1 0 0 1 0 1 0 2 1 0 2 0 2 0 1 2 2 2 1 2 1 1
 0 2 1 0 1 1 0 1 0 1 0 1 2 1 1 1 2 1 1 0 1 1 0 0 0 1 1 0 1 0 1 1 0 1 1 0 0
 0 0 0 1 0 1 1 0 1 0 0 1 1 0 0 1] 
.Accuracy: 0.6915846300412829.
--------------------------
Incorrect key: [0 1 1 0 0 2 1 1 1 1 1 1 0 0 2 1 0 0 1 0 0 1 1 2 0 1 0 1 2 0 1 0 0 0 1 0 0
 0 2 0 0 0 1 0 1 1 1 0 1 1 1 0 2 2 0 0 1 2 1 1 1 1 2 0 0 0 2 1 2 0 1 1 0 2
 1 0 2 2 0 1 1 1 1 0 1 1 1 1 1 1 0 0 0 0 0 0 0 2 1 1 1 0 0 1 0 1 0 0 0 1 0
 1 0 1 1 0 2 0 2 0 0 1 2 1 1 1 1 0 1 0 1 1 1 1 0 2 2 0 1 2 1 1 1 0 0 2 0 0
 0 1 0 2 0 1 0 1 2 1 0 0 0 0 2 1] 
.Accuracy: 0.03620196887900921.
--------------------------
Incorrect key: [1 1 1 1 2 1 0 0 0 0 1 0 0 0 0 1 2 0 1 0 0 1 0 2 0 1 0 0 1 1 1 0 0 1 1 0 0
 0 1 0 1 0 0 1 1 0 0 1 1 0 0 2 0 1 1 1 2 0 0 2 0 0 0 0 1 0 0 1 1 0 0 0 0 0
 0 1 0 1 2 0 1 0 0 0 2 1 0 1 2 2 0 1 2 0 1 1 1 0 1 0 0 1 1 2 2 2 0 1 0 0 1
 1 2 0 2 1 2 0 1 1 1 1 0 1 2 1 1 1 0 1 1 1 0 2 1 1 2 0 2 1 0 1 1 1 1 1 2 1
 0 0 1 1 2 0 1 2 0 1 1 1 1 0 0 2] 
.Accuracy: 0.8012702445220705.
--------------------------
Incorrect key: [1 1 0 0 1 1 2 2 0 0 2 1 2 0 0 2 1 1 0 1 0 2 0 0 0 0 0 1 1 0 1 1 0 0 2 2 2
 0 0 2 0 1 1 0 2 1 0 1 1 1 1 0 2 1 1 1 1 2 2 0 0 1 1 0 0 1 1 0 1 1 1 0 2 1
 0 1 0 2 0 1 1 1 1 0 0 2 0 1 0 1 0 0 2 2 2 0 0 1 1 1 0 1 2 1 0 1 1 2 0 2 0
 0 0 0 1 1 0 0 0 1 0 0 1 1 0 1 1 1 1 0 0 1 0 1 1 0 1 1 1 1 0 0 0 1 2 0 1 0
 0 1 1 0 0 0 1 1 1 0 1 2 1 0 0 0] 
.Accuracy: 0.8087646872022864.
--------------------------
Incorrect key: [1 1 1 1 1 1 0 1 1 0 1 0 1 1 0 0 1 0 0 1 1 1 0 1 2 2 0 2 0 1 0 1 1 0 1 0 1
 0 0 2 1 1 0 1 0 2 1 0 0 0 0 1 0 0 1 1 1 2 0 1 1 1 0 2 0 1 1 2 2 1 0 0 0 1
 0 0 0 0 0 0 1 2 1 1 1 1 0 0 1 1 0 2 0 1 0 2 1 1 2 0 0 1 0 2 1 0 1 1 0 2 0
 2 1 1 2 1 0 0 1 2 0 0 0 1 1 1 0 0 0 1 0 2 0 1 0 0 1 1 0 0 2 0 1 1 2 0 2 1
 1 0 2 2 1 0 1 1 0 1 0 0 0 2 0 1] 
.Accuracy: 0.622864401397269.
--------------------------
Incorrect key: [1 1 2 2 0 2 2 1 2 1 1 1 1 1 0 0 0 0 0 1 0 1 2 2 0 2 0 1 0 1 1 1 0 1 1 0 0
 1 2 0 0 1 1 2 1 1 1 0 1 0 0 0 0 2 1 2 0 1 1 0 0 0 1 0 1 0 0 1 2 1 1 0 0 1
 1 1 2 0 1 1 1 1 2 1 0 0 0 0 1 1 1 0 0 2 1 0 1 0 0 2 1 2 0 1 1 1 2 0 1 0 1
 0 1 1 1 0 0 0 0 1 0 0 0 0 0 1 2 1 0 1 0 1 1 1 0 1 1 0 0 0 1 0 2 2 0 0 2 1
 1 0 0 0 1 2 1 0 2 1 0 0 1 1 0 0] 
.Accuracy: 0.8115592251508416.
--------------------------

Incorrect key: [1 0 1 1 1 0 0 1 2 1 0 1 1 0 0 1 0 2 1 1 0 0 1 1 0 2 2 1 0 0 0 1 0 1 1 1 1
 0 1 1 0 1 1 1 2 0 2 1 0 2 1 1 2 1 2 0 1 0 1 0 1 0 0 2 0 0 0 0 1 1 0 1 1 1
 0 1 2 0 1 0 0 0 0 2 0 0 0 0 1 1 2 1 1 0 0 0 0 2 0 1 0 1 0 2 1 1 2 0 1 0 1
 1 0 0 0 1 2 0 0 1 0 2 1 1 1 1 0 2 2 1 0 1 1 1 0 1 1 0 2 2 0 0 1 0 2 1 0 0
 1 1 1 1 0 2 0 2 1 0 1 0 0 0 1 0] 
.Accuracy: 0.8771673547157828.
--------------------------
Incorrect key: [1 1 1 0 0 1 0 1 0 1 1 0 1 0 2 0 0 2 1 1 0 1 0 0 0 1 0 0 1 0 1 1 0 0 0 1 0
 0 2 0 2 0 1 1 0 0 2 1 1 0 0 1 0 2 0 1 1 0 0 1 1 1 0 0 1 2 1 1 1 2 1 1 0 1
 0 1 1 1 2 1 1 0 1 0 0 2 2 0 0 1 2 1 1 1 0 2 2 0 2 0 0 0 1 0 0 2 0 1 2 0 1
 0 0 1 2 1 1 0 0 0 1 1 1 0 1 0 1 1 1 2 1 0 1 1 0 1 0 1 0 0 0 1 1 1 1 2 1 1
 0 0 0 2 2 2 0 2 0 2 0 1 1 1 0 0] 
.Accuracy: 0.8015878056525881.
--------------------------
Incorrect key: [0 0 1 1 2 0 0 1 0 1 1 1 1 0 1 1 1 1 1 0 0 1 0 0 1 1 2 2 0 1 1 0 0 2 1 1 1
 1 1 0 2 0 2 1 0 1 1 1 1 2 0 0 1 1 0 1 2 1 2 0 0 2 1 1 0 0 0 1 1 0 0 0 1 1
 2 0 1 0 0 1 2 0 1 1 1 1 0 0 0 1 1 0 1 0 0 1 1 0 1 0 0 1 2 2 1 2 1 0 0 1 0
 1 1 0 1 1 0 0 1 1 1 0 1 1 0 2 1 0 2 1 1 0 1 0 1 0 2 0 0 0 0 0 0 0 0 2 0 2
 0 1 0 2 0 2 0 0 2 2 0 1 0 2 1 0] 
.Accuracy: 0.2111781517942204.
--------------------------
Incorrect key: [1 0 1 2 1 0 0 1 0 1 1 1 1 2 2 2 0 2 0 1 0 0 2 1 1 0 2 1 2 1 0 1 0 1 0 0 1
 0 1 2 0 0 0 2 0 1 1 1 1 2 0 1 2 1 1 0 1 1 0 0 2 1 2 1 1 1 0 0 0 0 0 1 1 0
 1 2 1 0 0 0 0 0 1 0 0 0 1 0 1 1 2 2 1 0 1 2 0 1 0 1 1 0 1 1 0 1 0 1 0 0 0
 1 1 0 2 1 0 0 0 1 2 1 0 2 2 0 0 1 0 0 0 0 1 0 1 1 0 1 1 1 1 1 2 0 1 0 1 2
 1 0 1 0 1 1 0 1 1 0 0 1 0 0 2 0] 
.Accuracy: 0.7549698316926008.
--------------------------
Incorrect key: [0 1 0 1 0 0 1 2 2 0 0 0 0 1 1 0 0 0 0 1 1 1 2 0 2 1 0 0 1 0 0 1 1 1 0 0 2
 2 1 0 1 0 1 0 1 1 0 0 2 0 2 1 2 1 1 1 0 0 1 1 0 1 0 2 1 0 2 1 1 2 2 2 0 2
 1 1 1 2 0 0 0 1 1 0 1 1 0 2 2 0 0 1 0 1 1 2 0 0 0 1 1 0 1 1 0 2 0 1 1 0 1
 0 1 0 0 1 1 2 1 1 2 1 0 0 0 1 0 1 1 1 0 1 1 1 1 0 1 1 0 0 2 1 0 0 0 1 1 0
 1 1 1 0 0 0 2 1 1 0 0 0 1 2 0 0] 
.Accuracy: 0.07996189266433788.
--------------------------
Incorrect key: [1 1 1 1 1 1 0 2 1 1 0 0 1 1 2 1 1 0 1 1 0 1 2 0 0 0 0 0 0 2 1 1 2 0 1 0 1
 2 1 0 1 0 2 1 0 1 1 0 0 0 0 0 0 2 1 1 0 0 0 0 0 0 0 1 0 1 1 0 1 0 0 1 2 2
 2 0 2 0 1 1 1 1 0 0 0 0 1 0 1 1 0 2 1 0 1 0 1 1 0 1 0 0 0 0 0 1 2 1 1 1 1
 0 1 1 0 0 1 1 1 2 2 0 0 1 2 0 1 0 0 0 0 2 1 1 1 0 1 1 2 1 1 1 1 2 1 0 0 2
 2 2 0 0 2 0 0 0 1 1 1 0 0 2 1 1] 
.Accuracy: 0.8871387742140362.
--------------------------
Incorrect key: [0 2 1 0 0 2 0 0 0 1 0 1 0 0 0 1 1 1 1 1 0 1 1 1 1 0 1 1 1 0 1 0 1 0 1 1 0
 0 2 0 0 0 0 1 1 1 1 2 2 2 0 0 0 0 0 1 1 1 0 1 1 1 0 0 0 1 0 0 1 1 2 1 0 1
 1 1 1 2 0 1 2 1 1 0 1 1 1 1 0 2 1 2 0 2 0 2 0 2 0 0 2 0 1 0 2 1 1 0 0 0 1
 0 1 0 1 0 1 2 2 2 1 0 2 0 1 0 1 1 0 0 1 0 1 1 2 0 1 2 0 1 2 1 0 0 2 0 0 0
 0 0 0 0 1 1 1 0 2 1 1 0 1 1 0 1] 
.Accuracy: 0.29895204826929184.
--------------------------
Incorrect key: [0 0 0 2 2 2 0 1 0 1 2 0 0 1 1 1 0 0 0 0 1 1 1 1 0 2 0 0 0 1 0 0 0 0 0 1 1
 1 1 0 2 0 1 0 1 1 1 2 2 1 1 1 2 1 1 1 1 2 0 0 0 0 1 0 1 1 0 0 0 1 2 1 1 0
 1 0 2 0 1 0 1 2 0 1 0 0 1 0 1 1 2 2 2 0 0 1 0 1 0 1 1 0 2 0 2 2 0 1 1 1 0
 2 0 0 0 1 0 2 1 0 1 1 2 1 2 1 0 0 0 1 1 0 0 1 0 1 1 0 1 1 1 0 1 2 0 1 0 1
 1 0 0 0 1 0 1 0 1 1 0 2 0 1 1 1] 
.Accuracy: 0.5356621149571292.
--------------------------
Incorrect key: [0 1 0 0 0 0 0 1 0 0 1 1 0 1 1 1 0 0 2 1 1 1 1 0 2 1 0 0 1 0 0 1 0 0 0 1 2
 1 1 1 1 0 0 1 0 1 0 1 0 2 1 0 0 0 1 1 2 2 0 1 1 0 0 1 0 1 0 1 0 1 0 0 1 1
 1 2 2 2 0 0 1 2 0 0 1 1 2 1 0 0 1 2 0 1 2 0 0 1 1 2 0 2 2 0 0 0 2 0 1 1 1
 2 1 0 1 1 1 1 1 1 2 0 1 1 1 0 1 2 2 0 1 1 2 2 1 0 0 0 0 2 2 0 0 1 0 1 1 1
 0 0 0 0 1 0 1 0 0 1 1 0 1 1 1 0] 
.Accuracy: 0.27043505874880913.
--------------------------
Incorrect key: [0 0 1 0 2 0 1 1 0 0 1 0 1 2 2 1 0 1 1 1 1 1 1 0 1 1 2 0 2 0 0 0 0 2 0 0 0
 1 1 0 1 0 1 0 1 0 2 0 0 0 0 0 1 1 0 0 0 1 1 2 0 1 2 0 2 1 0 1 1 0 1 1 0 1
 0 1 0 0 1 1 1 1 0 2 1 1 1 1 2 0 0 0 2 1 1 1 0 0 1 2 0 0 1 0 2 0 0 1 2 0 1
 1 1 2 0 2 1 1 0 1 1 0 0 0 2 0 1 1 1 0 2 2 1 0 1 2 1 0 0 1 0 1 0 0 2 0 1 0
 0 0 0 1 1 1 1 2 2 1 1 1 1 0 1 0] 
.Accuracy: 0.03944109241028898.
--------------------------
Incorrect key: [1 1 2 1 0 1 0 1 2 1 1 1 0 0 1 0 0 1 2 1 1 0 0 0 1 2 2 0 1 0 0 1 0 0 0 1 2
 1 1 0 1 1 0 0 1 2 1 2 0 2 0 1 1 1 0 1 0 0 1 0 0 1 1 1 0 0 0 0 0 1 0 2 0 0
 1 0 1 0 1 0 1 1 0 0 0 1 0 1 0 1 2 0 1 0 0 0 0 0 2 1 1 0 2 0 0 2 1 0 0 2 0
 1 0 1 1 2 1 1 0 1 1 2 0 0 2 1 0 2 0 0 1 0 0 1 2 1 1 2 1 1 0 0 2 1 1 1 1 2
 0 1 1 1 1 2 1 1 2 1 0 1 0 0 1 0] 
.Accuracy: 0.6236900603366148.
--------------------------
Incorrect key: [1 1 1 0 1 0 0 0 0 1 0 1 1 1 1 1 1 1 1 1 0 1 1 1 2 2 2 0 0 2 1 1 1 2 0 0 0
 0 1 0 1 1 0 0 0 1 0 0 0 1 1 1 2 1 0 1 0 1 0 0 0 0 0 1 1 2 1 0 2 0 0 2 0 0
 0 0 1 1 0 1 1 1 1 0 0 1 0 2 0 2 1 1 0 1 2 2 1 1 0 1 0 0 0 1 2 0 0 0 0 0 0
 1 1 1 1 2 1 0 0 2 1 2 1 0 1 0 2 2 0 1 0 2 0 2 0 0 0 1 1 2 1 0 2 2 1 1 1 1
 0 0 1 1 1 0 2 0 0 0 1 1 0 1 0 1] 
.Accuracy: 0.7072086376627501.
--------------------------
Incorrect key: [0 1 0 1 0 0 0 0 1 0 1 2 0 1 2 1 0 2 1 0 1 1 0 1 0 1 1 1 0 0 1 0 0 1 0 0 1
 1 1 1 1 0 1 2 1 1 0 0 1 0 0 0 1 1 2 1 1 1 2 2 1 1 0 1 0 0 0 0 2 0 0 2 0 2
 0 1 2 1 1 1 0 0 2 1 1 0 1 1 0 0 2 1 1 1 1 0 2 1 0 0 1 1 1 1 0 2 1 1 0 0 0
 0 2 1 2 1 0 0 0 1 2 0 0 1 0 1 1 2 0 2 0 1 0 0 0 2 0 1 1 1 0 0 1 1 1 0 0 0
 0 0 2 1 1 1 2 0 0 0 0 1 1 2 1 2] 
.Accuracy: 0.2845982851698952.
--------------------------
Incorrect key: [1 2 1 1 2 1 2 0 1 0 1 1 0 0 0 0 1 0 0 0 0 2 1 1 0 1 2 0 0 2 0 1 0 1 0 1 0
 1 2 1 2 0 0 1 0 0 0 2 2 0 1 2 0 2 0 0 2 1 0 1 0 0 1 1 1 1 1 0 1 2 2 0 1 0
 0 1 1 0 0 2 0 0 0 0 0 0 0 1 1 1 1 2 2 1 0 1 0 0 1 0 1 0 0 0 2 1 1 0 2 1 1
 0 0 0 1 2 0 2 1 0 0 1 1 1 0 1 0 1 1 1 2 1 1 0 0 1 0 1 0 1 1 1 1 2 1 1 1 0
 0 2 1 1 1 0 1 1 0 1 0 0 1 1 1 0] 
.Accuracy: 0.6551286122578597.
--------------------------
Incorrect key: [0 1 2 0 0 0 0 2 1 2 1 1 0 1 1 1 1 1 2 1 1 0 1 0 0 0 0 0 1 0 2 2 1 0 1 1 0
 0 0 0 1 0 1 0 1 0 1 1 0 2 0 2 1 1 0 1 0 2 1 0 0 1 1 0 1 1 0 0 1 0 2 2 1 2
 1 0 1 1 2 1 2 1 0 0 2 1 2 0 1 0 1 0 1 1 0 2 0 0 2 0 1 1 1 1 1 2 1 0 2 0 0
 0 1 0 0 1 1 0 0 0 1 1 1 0 0 2 0 0 1 0 1 2 1 1 0 1 1 1 1 0 0 0 1 0 1 0 2 2
 1 1 0 1 1 0 1 0 0 0 1 2 0 1 0 0] 
.Accuracy: 0.037281676722769136.
--------------------------
Incorrect key: [0 2 1 2 0 0 1 1 1 1 0 0 0 2 0 2 1 1 1 1 0 1 1 0 0 0 0 1 1 1 0 0 0 1 1 0 1
 2 1 1 1 2 2 0 2 1 0 1 1 0 0 0 1 1 1 2 0 1 0 0 0 1 0 1 0 0 1 0 0 1 1 1 2 0
 2 0 1 1 1 0 1 1 0 1 1 0 0 0 1 1 2 0 0 0 0 0 1 2 0 0 1 1 0 1 0 2 1 0 1 0 2
 1 0 2 0 0 0 1 1 0 1 0 0 0 1 2 1 0 1 1 0 0 1 0 1 1 2 1 1 1 1 0 2 2 2 1 0 0
 0 2 0 1 2 0 0 1 1 0 1 1 2 0 2 1] 
.Accuracy: 0.03791679898380438.
--------------------------
Incorrect key: [0 1 1 1 2 1 1 1 1 0 2 0 2 1 1 1 0 1 2 0 1 0 0 2 2 1 1 0 1 1 0 0 1 0 0 0 0
 0 2 1 0 1 0 1 0 1 1 0 0 1 0 0 0 0 0 0 1 2 2 1 0 0 1 1 0 1 0 1 0 2 1 0 2 0
 0 0 1 0 1 0 1 2 2 1 0 1 1 0 2 0 0 2 1 1 2 1 0 2 0 1 1 0 0 1 1 1 2 0 1 1 0
 1 1 0 1 0 0 0 0 2 1 2 2 1 0 0 1 0 2 2 0 0 0 0 2 0 1 1 1 1 1 0 1 1 0 1 1 1
 2 0 1 1 0 0 1 1 1 1 0 0 0 0 1 1] 
.Accuracy: 0.3037154652270562.
--------------------------
Incorrect key: [0 1 2 1 1 1 0 0 0 0 1 2 1 1 0 1 0 0 2 2 1 2 1 2 1 0 2 1 2 1 1 0 2 0 0 0 1
 0 0 1 2 0 0 0 1 1 0 0 1 1 1 0 1 0 1 0 2 0 1 1 1 0 1 0 2 0 0 0 1 0 1 0 0 0
 0 1 0 0 1 0 0 1 1 1 1 0 0 1 1 1 2 1 1 0 2 1 0 0 1 1 1 0 2 1 2 0 0 1 0 1 1
 1 0 1 0 1 2 0 1 0 0 0 1 0 0 0 1 0 0 1 0 1 1 1 2 0 2 2 0 1 1 1 2 1 0 0 1 2
 2 1 1 0 2 1 2 0 0 0 1 0 1 1 0 1] 
.Accuracy: 0.18990155604953954.
--------------------------
Incorrect key: [2 0 1 1 0 1 0 1 1 0 0 2 0 1 0 1 0 0 1 0 0 0 2 0 1 1 1 1 0 0 1 0 0 0 1 0 1
 1 2 0 1 2 1 0 1 0 0 1 0 1 1 1 1 1 1 0 0 0 1 2 1 2 0 0 0 0 1 1 1 2 0 2 1 2
 1 0 1 0 1 0 0 1 1 1 0 0 1 2 0 1 2 0 0 1 1 1 1 2 1 0 1 0 0 0 1 1 1 1 1 2 1
 2 0 1 0 1 0 0 0 1 0 2 0 0 1 0 0 0 0 1 1 0 1 2 1 0 1 1 0 1 1 1 0 1 1 2 2 0
 1 2 2 0 0 1 2 2 0 0 0 0 2 0 1 2] 
.Accuracy: 0.7599237853286758.
--------------------------
Incorrect key: [1 0 0 0 1 0 1 2 2 2 1 1 2 2 1 1 0 0 1 1 2 1 1 0 0 1 1 0 1 1 0 1 2 0 1 2 1
 0 1 1 0 0 1 0 0 0 0 1 1 2 1 1 0 2 2 1 0 1 1 1 1 1 1 1 0 0 0 0 1 1 1 0 2 0
 0 1 1 1 0 1 2 0 0 0 0 0 0 0 1 1 1 0 1 1 0 1 0 1 0 0 0 1 1 0 1 1 1 2 0 0 2
 1 0 1 0 1 1 1 1 1 0 0 1 0 1 2 2 2 0 2 2 2 0 1 0 0 2 1 1 0 1 0 1 0 0 0 0 0
 0 1 0 1 2 2 0 1 0 2 0 0 0 1 0 0] 
.Accuracy: 0.6313750396951413.
--------------------------
Incorrect key: [1 0 0 0 0 0 0 1 1 2 1 0 0 1 0 1 0 2 0 2 0 0 2 1 0 0 2 0 1 0 1 1 1 2 1 1 1
 1 1 2 1 0 0 1 1 1 1 0 1 0 0 1 1 2 1 0 0 1 1 0 1 1 1 0 0 1 1 0 0 0 0 2 1 1
 1 1 1 1 2 0 1 1 0 1 2 2 0 1 0 0 0 1 1 0 1 2 1 2 1 0 2 1 0 0 0 1 1 0 1 0 0
 1 1 0 0 0 0 0 2 0 0 2 1 0 0 1 1 2 2 1 0 1 2 1 2 1 0 1 0 1 0 0 1 0 2 2 0 1
 1 2 0 1 0 0 1 1 0 2 0 0 1 0 1 0] 
.Accuracy: 0.6229279136233725.
--------------------------

Incorrect key: [1 1 1 0 2 2 0 1 1 0 1 0 0 2 2 0 1 2 0 1 1 1 0 0 1 2 1 0 2 1 1 0 1 1 1 0 0
 0 1 1 1 1 1 2 0 0 1 2 1 0 0 0 1 0 2 1 1 0 0 0 1 1 0 0 0 0 0 0 1 0 0 0 0 1
 0 0 2 2 0 1 0 0 0 2 2 0 0 1 0 0 1 0 0 1 2 1 1 2 1 0 1 1 2 1 0 1 1 1 2 0 0
 1 0 1 1 1 2 0 0 0 0 2 2 1 1 1 1 1 1 1 1 0 1 1 1 0 2 0 0 0 1 0 1 1 1 1 0 1
 0 2 2 1 1 1 0 0 0 1 0 1 0 0 0 2] 
.Accuracy: 0.647062559542712.
--------------------------
Incorrect key: [1 1 1 1 1 1 2 1 0 1 1 0 2 0 2 0 0 1 0 0 0 1 2 1 1 1 1 2 2 1 1 1 0 0 0 0 1
 1 0 0 0 2 2 2 0 0 2 1 1 0 1 2 0 0 0 1 1 0 1 1 0 1 1 1 2 0 1 0 0 1 0 1 1 1
 0 0 2 0 0 2 1 0 0 1 0 1 1 1 0 0 2 0 0 2 0 0 0 1 0 2 1 1 2 0 0 1 1 2 1 1 2
 1 0 1 0 0 0 1 0 1 0 1 0 1 0 0 1 1 1 0 2 1 1 0 0 1 0 2 0 0 1 2 2 1 1 0 1 0
 0 1 0 0 1 1 0 0 1 0 1 0 1 1 2 0] 
.Accuracy: 0.6259129882502382.
--------------------------
Incorrect key: [1 2 1 2 1 0 1 0 0 0 1 1 1 2 1 1 1 1 0 1 0 0 0 1 0 0 0 0 1 2 0 1 1 1 1 2 2
 1 0 1 1 1 1 1 1 2 0 2 1 0 1 1 0 1 0 0 0 1 0 0 0 0 2 0 1 0 0 1 1 0 1 0 1 0
 1 0 0 0 1 0 1 1 2 2 2 0 1 1 0 1 2 1 0 0 1 2 0 1 1 0 1 0 1 0 0 0 1 2 1 1 2
 2 0 0 0 0 0 1 2 0 0 1 0 1 0 1 0 1 0 0 0 1 2 0 1 1 0 0 2 1 1 0 0 0 2 2 1 1
 1 1 2 0 1 0 0 1 1 1 1 2 0 2 0 0] 
.Accuracy: 0.7892664337885043.
--------------------------
Incorrect key: [0 1 0 1 0 0 1 1 0 0 1 0 2 1 0 1 0 1 0 0 0 0 0 0 0 0 1 1 1 1 2 1 1 1 0 0 0
 2 1 1 0 0 0 0 0 1 0 0 1 0 1 1 2 0 1 1 1 2 0 0 2 1 0 1 1 2 1 0 1 1 0 1 0 1
 0 0 2 1 2 0 1 1 1 0 1 1 2 1 1 1 1 0 1 1 1 2 2 2 1 1 0 2 0 0 1 0 0 0 0 2 0
 0 1 1 1 2 1 0 2 1 0 1 0 1 1 2 0 1 2 0 1 2 1 0 0 1 0 2 1 1 0 1 0 1 1 1 2 0
 0 0 0 2 2 0 0 0 1 0 0 1 1 0 1 2] 
.Accuracy: 0.03721816449666561.
--------------------------
Incorrect key: [0 1 0 1 1 0 0 0 0 2 0 0 0 1 0 0 1 1 2 1 0 1 1 2 1 0 0 0 1 0 1 0 2 0 2 0 0
 2 0 1 0 2 0 1 2 1 0 0 0 1 2 1 1 1 0 1 0 0 2 2 0 1 1 1 1 1 0 0 0 1 1 0 1 1
 1 1 1 1 1 0 2 2 0 1 0 0 0 1 0 1 0 1 1 2 1 1 0 2 0 1 2 2 1 1 0 2 1 0 1 1 1
 0 2 1 1 0 1 0 1 2 1 0 0 1 2 1 1 2 0 0 1 0 1 2 0 1 0 0 0 1 0 0 0 1 1 0 1 0
 0 0 0 1 0 0 0 1 1 1 1 2 0 2 1 1] 
.Accuracy: 0.18691648142267386.
--------------------------
Incorrect key: [0 1 0 1 0 0 1 1 0 0 1 2 1 1 0 1 0 2 0 1 0 2 1 0 1 0 1 1 0 1 1 0 0 1 1 0 0
 0 0 2 1 1 0 0 0 0 1 2 1 1 1 0 1 1 0 2 1 0 0 2 0 1 0 1 1 1 0 0 1 2 1 0 1 1
 0 0 0 2 1 0 0 2 1 0 0 0 0 0 0 0 1 0 0 1 1 0 0 1 1 0 2 1 2 0 0 0 0 0 2 1 1
 1 2 2 1 0 2 1 2 2 1 1 0 1 1 1 0 1 0 1 0 2 0 1 1 1 2 2 0 2 1 0 2 1 1 1 0 1
 0 1 0 2 1 1 1 0 1 0 1 0 2 0 1 1] 
.Accuracy: 0.10428707526198794.
--------------------------
Incorrect key: [1 1 2 1 0 1 1 1 1 2 0 0 2 1 1 1 0 0 0 0 1 0 0 0 2 1 0 1 0 1 1 1 0 2 2 2 0
 0 0 2 1 1 2 2 1 0 1 2 2 1 2 0 1 0 0 2 2 0 2 0 0 0 1 0 1 0 0 1 1 0 0 0 0 0
 0 0 0 0 2 0 0 2 1 0 1 0 0 1 0 1 0 1 2 1 0 0 1 1 0 1 1 1 1 1 0 2 1 1 0 1 1
 1 1 0 1 1 0 1 1 1 0 2 0 2 1 2 1 0 1 1 1 0 0 1 1 0 0 0 0 1 1 1 0 1 0 2 1 2
 0 0 0 0 1 0 0 0 1 1 1 0 1 1 1 1] 
.Accuracy: 0.6512543664655446.
--------------------------
Incorrect key: [0 1 1 0 1 0 0 0 0 0 1 0 0 0 1 0 1 0 1 0 1 1 0 1 0 1 1 0 2 0 0 1 0 2 1 1 2
 1 1 1 1 2 1 1 1 2 1 1 0 0 0 1 1 0 0 1 1 0 1 1 1 0 1 1 2 0 0 0 0 0 1 1 0 1
 1 0 0 2 1 0 0 2 1 2 0 1 1 1 0 2 0 0 0 1 1 0 0 0 0 1 0 0 1 2 1 0 1 0 1 1 0
 2 0 1 2 0 1 2 0 1 0 1 0 0 0 1 2 1 1 0 0 0 1 2 2 0 1 2 0 0 0 1 2 1 1 1 2 0
 0 2 0 1 0 2 1 1 1 0 1 2 2 1 2 1] 
.Accuracy: 0.23296284534772943.
--------------------------
Incorrect key: [0 0 1 0 1 2 1 1 1 2 1 1 0 0 0 1 2 0 1 2 0 0 2 0 2 1 0 0 1 0 0 0 1 2 1 0 0
 1 1 0 0 1 1 2 2 1 1 0 1 0 1 0 0 0 2 0 1 0 2 1 1 1 0 0 1 0 1 2 0 1 1 2 0 1
 0 0 1 1 2 1 1 2 2 0 0 0 1 2 1 1 1 1 1 0 0 0 1 0 0 0 0 1 1 0 0 1 0 0 0 0 0
 0 2 1 1 1 1 2 0 2 1 1 1 0 0 0 1 1 1 0 0 1 0 0 1 0 1 1 2 1 2 0 1 1 2 1 1 0
 1 1 0 1 0 1 1 0 0 0 2 1 1 2 0 0] 
.Accuracy: 0.2392505557319784.
--------------------------
Incorrect key: [0 0 0 2 0 0 0 1 0 2 0 2 1 0 2 2 0 1 0 1 2 2 0 1 0 1 1 1 1 1 0 0 1 0 1 1 0
 0 1 1 1 1 1 1 2 0 0 0 1 1 0 0 1 2 0 1 0 1 0 2 0 1 1 0 1 2 0 1 1 0 1 1 0 1
 1 0 2 2 0 2 1 1 1 1 0 0 1 0 1 2 1 1 2 1 0 0 0 0 0 0 1 1 0 1 0 1 0 0 0 2 0
 1 0 1 0 0 0 0 1 0 2 1 0 1 2 0 1 0 0 1 1 1 0 0 1 1 1 1 2 0 1 1 1 0 0 2 2 1
 1 2 0 2 0 0 1 1 0 0 1 0 2 1 1 1] 
.Accuracy: 0.09133058113686884.
--------------------------
Incorrect key: [2 1 0 0 2 0 1 0 0 0 1 1 0 1 2 2 0 1 0 1 1 1 2 0 0 2 0 0 1 0 1 1 1 0 0 1 0
 1 0 2 0 1 1 2 0 2 0 1 1 0 0 0 0 0 1 0 1 1 1 1 1 2 1 1 0 1 1 1 0 0 0 1 1 0
 0 0 0 0 1 0 0 0 0 1 2 0 1 2 1 1 0 0 1 0 2 0 1 2 0 0 1 0 0 1 1 2 1 0 1 1 2
 1 2 2 2 1 1 1 0 2 1 0 0 1 2 0 0 1 0 1 0 0 1 1 0 1 0 1 0 1 1 1 0 0 1 1 1 2
 0 2 0 0 0 1 0 1 1 2 1 0 1 1 2 1] 
.Accuracy: 0.6341060654175928.
--------------------------
Incorrect key: [1 0 1 1 2 1 1 0 1 0 2 2 1 0 2 1 2 0 1 0 0 1 1 1 2 1 1 1 0 0 1 1 1 1 0 0 1
 1 0 0 0 0 1 0 0 1 2 1 0 0 0 1 0 0 1 2 1 2 1 1 0 1 0 0 1 0 0 1 1 2 1 1 1 1
 2 1 0 0 1 1 0 0 2 1 0 0 0 1 1 1 1 0 0 1 1 0 1 0 2 0 1 2 2 2 2 0 2 0 1 2 0
 1 0 1 0 1 1 1 0 0 0 0 2 1 1 1 1 1 0 0 0 0 0 0 2 0 1 0 0 2 0 0 1 0 1 1 2 0
 0 0 1 2 1 0 1 2 0 0 0 0 1 1 1 0] 
.Accuracy: 0.6386789456970466.
--------------------------
Incorrect key: [2 1 0 1 1 0 1 0 1 0 0 1 0 0 0 0 0 1 2 1 0 0 1 1 0 1 0 0 1 2 1 1 0 0 0 0 1
 1 0 1 1 1 1 0 1 1 1 0 1 1 2 2 1 0 0 2 2 0 1 1 2 0 1 1 1 1 1 0 1 0 2 1 0 1
 0 0 1 1 0 1 0 0 0 0 1 0 1 1 1 1 1 1 1 1 1 0 1 0 1 2 0 0 0 1 0 0 0 1 0 0 0
 0 2 1 0 0 0 0 0 1 0 1 1 0 1 2 1 2 1 2 0 1 0 0 0 1 0 0 1 0 2 0 1 2 1 2 0 1
 0 0 1 2 2 0 2 2 1 0 1 2 2 1 2 2] 
.Accuracy: 0.6716417910447762.
--------------------------
Incorrect key: [1 0 0 1 0 0 0 1 1 0 0 1 0 0 1 0 0 1 0 0 1 0 1 0 1 1 0 0 1 2 1 0 1 1 1 2 2
 0 0 2 1 0 0 1 0 1 2 0 1 1 1 1 1 1 2 2 1 0 1 0 2 0 0 2 1 0 1 1 0 1 1 0 0 1
 0 1 0 0 1 2 1 1 1 2 0 2 1 2 2 1 0 1 0 0 1 1 0 1 0 2 1 1 1 0 0 1 1 2 1 2 1
 0 0 1 1 0 1 1 0 0 0 0 0 1 0 0 0 0 0 1 1 0 1 2 1 0 0 2 1 1 0 2 2 1 0 0 2 1
 2 0 1 0 2 0 0 2 0 1 1 0 1 1 1 0] 
.Accuracy: 0.8837726262305494.
--------------------------
Incorrect key: [0 1 1 2 0 2 0 1 0 1 1 1 1 0 1 1 2 2 1 0 1 2 2 2 1 1 0 1 1 0 0 1 1 0 1 0 1
 1 1 1 0 1 1 2 2 1 0 1 1 1 1 1 0 1 0 1 1 1 2 2 0 0 1 0 1 1 1 0 1 0 2 2 1 1
 0 0 0 0 1 1 0 0 1 0 0 0 0 1 2 0 0 0 1 0 1 1 1 1 0 1 0 0 2 1 0 0 0 0 1 0 0
 2 2 0 1 0 0 0 0 1 1 2 0 0 0 2 1 0 1 0 0 0 2 1 0 0 0 0 1 0 0 2 0 1 1 0 1 0
 1 0 2 1 0 1 2 1 0 2 0 1 2 1 0 1] 
.Accuracy: 0.2718323277230867.
--------------------------
Incorrect key: [2 0 0 0 0 1 2 2 2 2 0 0 0 2 0 0 1 0 1 0 1 0 0 0 0 0 0 1 1 1 2 1 0 1 2 1 1
 1 1 1 0 0 0 1 1 2 2 0 1 0 0 0 1 1 0 1 2 0 0 0 1 0 2 0 0 1 1 1 0 1 1 0 2 0
 0 0 1 1 2 1 1 0 1 1 1 0 2 1 2 1 1 1 0 1 1 0 1 2 0 0 1 0 0 0 1 1 0 1 0 0 1
 1 1 0 1 1 0 1 1 1 1 1 2 0 1 1 2 0 0 2 0 1 0 0 0 0 1 2 0 1 0 1 1 1 0 1 0 0
 0 0 1 0 1 2 1 0 0 2 1 1 2 1 2 1] 
.Accuracy: 0.5793585265163544.
--------------------------
